0,8
0,5
0,13
0,1
0,5
0,6
0,1
0,3
0,6
0,23
0,5
0,4
0,2
0,5
0,21
0,20
0,3
0,33
0,7
0,37
0,2
0,39
0,0
0,16
0,16
0,12
0,21
0,6
0,3
0,41
0,23
0,4
0,24
0,12
0,23
0,43
0,23
0,11
0,23
0,0
0,16
0,21
0,4
0,2
0,2
0,3
0,22
0,21
0,23
0,53
0,47
0,2
0,16
0,12
0,20
0,1
0,2
0,57
0,11
0,3
0,11
0,5
0,5
0,6
0,16
0,47
0,35
0,7
0,3
0,40
0,1
0,1
0,23
0,2
0,23
0,16
0,65
0,0
0,4
0,68
0,0
0,4
0,16
0,5
0,2
0,23
0,70
0,11
0,5
0,47
0,23
0,16
0,29
0,1
0,72
0,2
0,74
0,32
0,16
0,11
0,18
0,23
0,3
0,16
0,3
0,2
0,46
0,16
0,0
0,34
0,16
0,6
0,2
0,23
0,80
0,2
0,22
0,84
0,23
0,2
0,7
0,3
0,1
0,3
0,29
0,23
0,21
0,23
0,3
0,3
0,0
0,6
0,47
0,89
0,0
0,1
0,2
0,23
0,7
0,23
0,23
0,91
0,3
0,3
0,6
0,47
0,1
0,23
0,22
0,16
0,52
0,1
0,2
0,23
0,16
0,23
0,27
0,94
0,3
0,40
0,39
0,17
0,3
0,5
0,5
0,0
0,40
0,23
0,16
0,5
0,1
0,23
0,1
0,16
0,1
0,5
0,2
0,2
0,43
0,12
0,21
0,2
0,1
0,11
0,3
0,6
0,3
0,7
0,3
0,2
0,16
0,0
0,1
0,23
0,24
0,0
0,21
0,47
0,1
0,43
0,16
0,16
0,1
0,23
0,1
0,16
0,29
0,7
0,20
0,3
0,16
0,23
0,0
0,1
0,11
0,0
0,1
0,23
0,121
0,47
0,24
0,3
0,2
0,3
0,4
0,2
0,24
0,3
0,34
0,5
0,125
0,23
0,2
0,12
0,23
0,3
0,35
0,5
0,2
0,2
0,3
0,23
0,20
0,26
0,1
0,1
0,23
0,6
0,16
0,27
0,1
0,1
0,1
0,16
0,16
0,3
0,12
0,24
0,16
0,0
0,24
0,52
0,2
0,1
0,0
0,105
0,21
0,3
0,16
0,50
0,135
0,1
0,136
0,62
0,34
0,2
0,3
0,2
0,1
0,20
0,7
0,20
0,24
0,1
0,1
0,11
0,0
0,20
0,0
0,16
0,3
0,7
0,3
0,20
0,16
0,21
0,3
0,1
0,95
0,21
0,16
0,0
0,62
0,121
0,1
0,2
0,16
0,2
0,23
0,16
0,7
0,1
0,7
0,16
0,21
0,2
0,4
0,0
0,2
0,6
0,31
0,7
0,106
0,1
0,1
0,3
0,105
0,27
0,6
0,23
0,27
0,3
0,24
0,34
0,7
0,2
0,24
0,4
0,1
0,16
0,11
0,1
0,39
0,6
0,3
0,0
0,6
0,29
0,0
0,22
0,16
0,2
0,147
0,23
0,6
0,23
0,3
0,3
0,34
0,39
0,23
0,33
0,11
0,7
0,3
0,2
0,20
0,33
0,5
0,30
0,40
0,27
0,59
0,1
0,3
0,5
0,1
0,151
0,16
0,124
0,39
0,1
0,2
0,23
0,23
0,2
0,2
0,3
0,154
0,6
0,77
0,23
0,2
0,2
0,6
0,124
0,63
0,30
0,23
0,1
0,3
0,158
0,2
0,47
0,7
0,1
0,1
0,70
0,5
0,77
0,4
0,16
0,24
0,51
0,4
0,1
0,32
0,16
0,23
0,3
0,26
0,2
0,3
0,24
0,1
0,21
0,0
0,27
0,53
0,3
0,1
0,166
0,23
0,0
0,0
0,2
0,6
0,1
0,16
0,24
0,23
0,1
0,1
0,2
0,3
0,0
0,3
0,16
0,7
0,3
0,2
0,21
0,23
0,1
0,2
0,23
0,16
0,1
0,5
0,1
0,2
0,16
0,27
0,27
0,21
0,171
0,0
0,3
0,0
0,16
0,23
0,2
0,1
0,1
0,15
0,105
0,21
0,16
0,33
0,1
0,5
0,23
0,16
0,4
0,5
0,56
0,164
0,6
0,1
0,49
0,4
0,21
0,2
0,6
0,23
0,0
0,2
0,29
0,0
0,40
0,2
0,1
0,96
0,0
0,182
0,1
0,1
0,2
0,23
0,6
0,23
0,6
0,11
0,5
0,4
0,1
0,0
0,3
0,3
0,5
0,23
0,185
0,4
0,2
0,21
0,51
0,167
0,46
0,2
0,16
0,6
0,1
0,24
0,23
0,62
0,0
0,3
0,5
0,29
0,2
0,16
0,11
0,23
0,30
0,8
0,37
0,12
0,24
0,16
0,23
0,7
0,5
0,3
0,2
0,35
0,23
0,2
0,2
0,16
0,1
0,3
0,2
0,23
0,73
0,4
0,1
0,1
0,40
0,16
0,2
0,67
0,24
0,7
0,2
0,16
0,23
0,23
0,196
0,198
0,16
0,4
0,16
0,6
0,196
0,16
0,200
0,3
0,76
0,122
0,4
0,202
0,23
0,47
0,24
0,23
0,5
0,5
0,33
0,7
0,23
0,21
0,27
0,3
0,29
0,16
0,33
0,23
0,23
0,16
0,21
0,27
0,1
0,2
0,22
0,47
0,1
0,4
0,105
0,3
0,0
0,6
0,8
0,209
0,5
0,1
0,1
0,16
0,2
0,53
0,5
0,16
0,211
0,51
0,2
0,7
0,23
0,16
0,196
0,20
0,105
0,21
0,23
0,1
0,23
0,1
0,1
0,15
0,0
0,4
0,16
0,2
0,23
0,3
0,73
0,32
0,1
0,0
0,16
0,18
0,136
0,7
0,23
0,1
0,23
0,5
0,2
0,2
0,5
0,32
0,23
0,1
0,2
0,21
0,7
0,47
0,50
0,16
0,3
0,11
0,23
0,7
0,5
0,3
0,24
0,29
0,3
0,4
0,21
0,5
0,57
0,46
0,1
0,5
0,1
0,105
0,21
0,27
0,3
0,23
0,2
0,147
0,1
0,2
0,22
0,2
0,140
0,42
0,4
0,7
0,27
0,5
0,5
0,20
0,3
0,4
0,20
0,5
0,33
0,21
0,2
0,16
0,0
0,21
0,21
0,11
0,2
0,5
0,11
0,6
0,1
0,11
0,1
0,1
0,23
0,23
0,1
0,1
0,191
0,16
0,16
0,3
0,39
0,16
0,5
0,6
0,7
0,1
0,221
0,5
0,3
0,0
0,67
0,23
0,101
0,34
0,1
0,4
0,2
0,35
0,23
0,50
0,34
0,1
0,2
0,32
0,20
0,3
0,4
0,3
0,3
0,2
0,223
0,4
0,157
0,5
0,94
0,42
0,39
0,21
0,228
0,36
0,2
0,23
0,1
0,0
0,2
0,7
0,1
0,24
0,3
0,16
0,23
0,16
0,3
0,7
0,229
0,5
0,33
0,47
0,2
0,5
0,3
0,23
0,6
0,27
0,2
0,3
0,93
0,11
0,2
0,2
0,21
0,33
0,60
0,2
0,3
0,67
0,7
0,2
0,23
0,6
0,33
0,6
0,2
0,2
0,1
0,234
0,1
0,23
0,21
0,11
0,6
0,23
0,2
0,35
0,1
0,2
0,3
0,2
0,21
0,4
0,74
0,23
0,3
0,60
0,1
0,239
0,61
0,23
0,3
0,1
0,1
0,6
0,16
0,0
0,2
0,16
0,4
0,4
0,19
0,3
0,77
0,2
0,59
0,95
0,6
0,242
0,69
0,3
0,33
0,23
0,24
0,1
0,16
0,20
0,3
0,77
0,23
0,140
0,136
0,16
0,4
0,163
0,7
0,3
0,1
0,34
0,2
0,2
0,2
0,7
0,5
0,2
0,47
0,3
0,1
0,46
0,11
0,16
0,36
0,23
0,245
0,16
0,29
0,20
0,16
0,23
0,32
0,39
0,15
0,4
0,5
0,121
0,16
0,5
0,56
0,2
0,4
0,0
0,7
0,24
0,121
0,22
0,24
0,29
0,56
0,3
0,2
0,16
0,105
0,23
0,3
0,11
0,1
0,16
0,21
0,29
0,246
0,2
0,82
0,2
0,72
0,7
0,5
0,1
0,243
0,1
0,3
0,5
0,5
0,2
0,23
0,1
0,47
0,3
0,3
0,3
0,243
0,1
0,3
0,5
0,23
0,23
0,1
0,1
0,1
0,7
0,163
0,1
0,2
0,23
0,1
0,23
0,16
0,23
0,23
0,99
0,3
0,16
0,3
0,16
0,24
1,2
1,0
1,11
1,2
1,3
1,1
1,3
1,3
1,4
1,1
1,23
1,4
1,3
1,11
1,126
1,1
1,11
1,3
1,3
1,1
1,4
1,11
1,3
1,4
1,4
1,3
1,4
1,4
1,3
1,11
1,1
1,2
1,3
1,23
1,1
1,23
1,3
1,1
1,4
1,1
1,1
1,0
1,4
1,11
1,3
1,51
1,4
1,1
1,253
1,3
1,3
1,3
1,23
1,1
1,11
1,2
1,4
1,4
1,126
1,3
1,29
1,11
1,3
1,3
1,11
1,0
1,1
1,3
1,104
1,29
1,254
1,1
1,1
1,4
1,4
1,13
1,198
1,1
1,3
1,2
1,73
1,2
1,11
1,29
1,11
1,3
1,3
1,1
1,24
1,3
1,4
1,11
1,23
1,11
1,4
1,4
1,1
1,3
1,22
1,0
1,4
1,1
1,3
1,4
1,3
1,11
1,4
1,1
1,4
1,11
1,4
1,29
1,3
1,2
1,1
1,11
1,3
1,24
1,1
1,121
1,3
1,11
1,23
1,29
1,0
1,4
1,11
1,4
1,3
1,3
1,1
1,23
1,147
1,0
1,1
1,0
1,1
1,1
1,4
1,96
1,4
1,4
1,23
1,16
1,3
1,4
1,3
1,23
1,4
1,186
1,11
1,1
1,11
1,11
1,11
1,0
1,1
1,3
1,11
1,29
1,143
1,4
1,2
1,2
1,1
1,2
1,2
1,26
1,11
1,1
1,11
1,11
1,1
1,3
1,1
1,11
1,0
1,11
1,4
1,3
1,29
1,0
1,4
1,3
1,1
1,3
1,3
1,1
1,11
1,3
1,0
1,23
1,1
1,29
1,3
1,11
1,2
1,3
1,3
1,1
1,26
1,5
1,11
1,26
1,4
1,3
1,11
1,4
1,2
1,1
1,11
1,11
1,1
1,4
1,17
1,4
1,4
1,1
1,11
1,1
1,11
1,29
1,4
1,2
1,13
1,16
1,4
1,4
1,11
1,3
1,1
1,3
1,1
1,1
1,23
1,13
1,50
1,16
1,1
1,7
1,3
1,1
1,3
1,1
1,1
1,3
1,11
1,3
1,22
1,3
1,4
1,29
1,3
1,1
1,1
1,11
1,4
1,11
1,2
1,3
1,4
1,11
1,121
1,11
1,4
1,4
1,22
1,11
1,1
1,267
1,4
1,2
1,3
1,1
1,4
1,4
1,22
1,3
1,1
1,22
1,26
1,11
1,29
1,16
1,11
1,4
1,50
1,11
1,22
1,269
1,1
1,2
1,1
1,11
1,11
1,3
1,3
1,11
1,23
1,16
1,3
1,11
1,0
1,3
1,163
1,1
1,16
1,1
1,3
1,29
1,4
1,1
1,1
1,3
1,5
1,3
1,11
1,1
1,4
1,7
1,4
1,1
1,2
1,2
1,16
1,3
1,4
1,11
1,1
1,16
1,11
1,4
1,23
1,11
1,11
1,23
1,11
1,4
1,11
1,4
1,23
1,16
1,23
1,1
1,29
1,1
1,1
1,11
1,3
1,1
1,1
1,1
1,186
1,11
1,0
1,1
1,11
1,4
1,3
1,4
1,4
1,26
1,23
1,4
1,29
1,1
1,11
1,0
1,11
1,2
1,23
1,4
1,2
1,1
1,11
1,4
1,22
1,11
1,1
1,29
1,4
1,44
1,23
1,2
1,0
1,0
1,4
1,3
1,3
1,4
1,3
1,4
1,3
1,4
1,4
1,11
1,11
1,4
1,4
1,26
1,41
1,29
1,11
1,3
1,3
1,1
1,1
1,11
1,96
1,0
1,4
1,1
1,1
1,11
1,1
1,11
1,3
1,29
1,38
1,2
1,3
1,11
1,3
1,29
1,274
1,11
1,29
1,4
1,1
1,3
1,23
1,275
1,1
1,3
1,11
1,11
1,1
1,4
1,4
1,5
1,4
1,11
1,11
1,4
1,11
1,3
1,4
1,3
1,1
1,26
1,0
1,120
1,1
1,1
1,11
1,11
1,23
1,11
1,3
1,16
1,11
1,4
1,16
1,2
1,16
1,16
1,4
1,1
1,154
1,4
1,4
1,4
1,4
1,4
1,11
1,11
1,3
1,2
1,47
1,16
1,4
1,11
1,11
1,23
1,102
1,6
1,1
1,11
1,1
1,11
1,2
1,1
1,11
1,11
1,3
1,40
1,3
1,1
1,11
1,3
1,11
1,4
1,2
1,3
1,5
1,1
1,4
1,3
1,29
1,1
1,4
1,29
1,26
1,0
1,11
1,11
1,2
1,4
1,3
1,2
1,23
1,1
1,11
1,4
1,1
1,203
1,1
1,29
1,22
1,1
1,281
1,11
1,40
1,11
1,3
1,1
1,4
1,121
1,283
1,3
1,4
1,1
1,11
1,1
1,11
1,3
1,11
1,3
1,2
1,11
1,1
1,1
1,11
1,2
1,196
1,1
1,3
1,4
1,2
1,50
1,11
1,1
1,11
1,1
1,4
1,44
1,1
1,4
1,4
1,50
1,26
1,11
1,2
1,29
1,16
1,4
1,11
1,1
1,1
1,2
1,1
1,11
1,40
1,1
1,11
1,4
1,26
1,4
1,84
1,26
1,24
1,94
1,1
1,1
1,3
1,11
1,4
1,1
1,2
1,3
1,1
1,1
1,3
1,2
1,26
1,3
1,3
1,11
1,96
1,1
1,3
1,1
1,4
1,11
1,96
1,2
1,1
1,11
1,3
1,1
1,23
1,4
1,1
1,1
1,16
1,3
1,3
1,26
1,11
1,1
1,4
1,26
1,11
1,4
1,71
1,1
1,1
1,65
1,11
1,29
1,4
1,23
1,3
1,4
1,23
1,1
1,1
1,3
1,26
1,22
1,2
1,16
1,1
1,4
1,1
1,26
1,1
1,23
1,11
1,23
1,4
1,1
1,164
1,11
1,26
1,3
1,96
1,2
1,4
1,1
1,1
1,51
1,3
1,22
1,1
1,0
1,1
1,3
1,4
1,3
1,3
1,11
1,23
1,11
1,96
1,4
1,3
1,1
1,1
1,11
1,11
1,289
1,1
1,16
1,290
1,4
1,11
1,3
1,3
1,3
1,3
1,51
1,1
1,4
1,4
1,1
1,29
1,23
1,3
1,4
1,1
1,3
1,4
1,4
1,73
1,1
1,4
1,11
1,1
1,1
1,4
1,4
1,2
1,3
1,4
1,4
1,1
1,26
1,16
1,120
1,4
1,186
1,16
1,11
1,11
1,1
1,23
1,3
1,4
1,47
1,0
1,11
1,294
1,22
1,11
1,0
1,3
1,11
1,1
1,1
1,1
1,4
1,3
1,11
1,11
1,44
1,2
1,4
1,1
1,3
1,4
1,1
1,3
1,11
1,163
1,1
1,2
1,1
1,4
1,3
1,11
1,22
1,3
1,11
1,3
1,3
1,3
1,16
1,3
1,0
1,11
1,11
1,4
1,26
1,2
1,1
1,3
1,4
1,3
1,26
1,2
1,1
1,164
1,4
1,11
1,299
1,2
1,0
1,4
1,11
1,1
1,11
1,29
1,1
1,3
1,1
1,11
1,4
1,16
1,1
1,1
1,3
1,3
1,29
1,3
1,11
1,11
1,22
1,271
1,11
1,11
1,11
1,2
1,1
1,11
1,3
1,23
1,29
1,11
1,11
1,1
1,3
1,73
1,23
1,4
1,4
1,22
1,11
1,4
1,3
1,4
1,2
1,1
1,1
1,11
1,11
1,11
1,11
1,4
1,11
1,11
1,11
1,3
1,1
1,3
1,1
1,1
1,4
1,23
1,57
1,11
1,278
1,0
1,29
1,22
1,3
1,50
1,16
1,16
1,11
1,11
1,4
1,11
1,4
1,4
1,1
1,93
1,22
1,1
1,3
1,1
1,3
1,27
1,3
1,11
1,29
1,74
1,16
1,4
1,4
1,11
1,11
1,1
1,1
1,11
1,3
1,3
1,17
1,44
1,3
1,11
1,29
1,3
1,11
1,1
1,4
1,4
1,16
1,4
1,23
1,0
1,126
1,16
1,1
1,3
1,11
1,11
1,1
1,3
1,3
1,4
1,11
1,1
1,16
1,16
1,4
1,4
1,11
1,3
1,11
1,3
1,4
1,4
1,11
1,3
1,11
1,3
1,303
1,4
1,1
1,3
1,22
1,0
1,11
1,1
1,5
1,163
1,280
1,16
1,2
1,11
1,4
1,1
1,0
1,1
1,1
1,11
1,11
1,2
1,1
1,4
1,2
1,1
1,11
1,58
1,3
1,11
1,4
1,1
1,3
1,4
1,22
1,4
1,2
1,1
1,1
1,4
1,23
1,3
1,1
1,2
1,0
1,23
1,16
1,3
1,11
1,4
1,11
1,1
1,11
1,4
1,11
1,11
1,3
1,23
1,16
1,29
1,3
1,11
1,11
1,16
1,11
1,11
1,84
1,11
1,1
1,4
1,182
1,3
1,3
1,26
1,11
1,4
1,5
1,4
1,3
1,11
1,1
3,23
3,11
3,23
3,0
3,23
3,3
3,104
3,2
3,40
3,22
3,1
3,2
3,23
3,5
3,2
3,4
3,308
3,1
3,16
3,23
3,23
3,23
3,23
3,309
3,3
3,23
3,11
3,16
3,1
3,11
3,2
3,27
3,3
3,23
3,23
3,4
3,2
3,3
3,29
3,23
3,310
3,11
3,47
3,23
3,1
3,20
3,120
3,3
3,11
3,23
3,23
3,4
3,2
3,1
3,11
3,3
3,23
3,11
3,16
3,3
3,3
3,89
3,11
3,65
3,16
3,4
3,16
3,1
3,1
3,11
3,16
3,16
3,23
3,2
3,11
3,16
3,5
3,94
3,4
3,2
3,3
3,62
3,11
3,29
3,4
3,120
3,1
3,17
3,0
3,4
3,16
3,23
3,0
3,23
3,4
3,1
3,16
3,120
3,16
3,275
3,16
3,73
3,4
3,1
3,1
3,3
3,16
3,2
3,11
3,16
3,3
3,1
3,2
3,315
3,11
3,3
3,2
3,3
3,29
3,3
3,65
3,3
3,1
3,23
3,23
3,23
3,23
3,22
3,1
3,40
3,4
3,121
3,11
3,0
3,11
3,1
3,317
3,23
3,1
3,2
3,1
3,2
3,11
3,196
3,106
3,16
3,2
3,11
3,2
3,2
3,2
3,16
3,4
3,16
3,23
3,322
3,2
3,1
3,47
3,16
3,2
3,0
3,2
3,11
3,1
3,324
3,126
3,16
3,4
3,11
3,275
3,16
3,16
3,16
3,120
3,65
3,3
3,3
3,106
3,1
3,16
3,121
3,44
3,308
3,23
3,23
3,4
3,4
3,0
3,121
3,29
3,16
3,2
3,16
3,4
3,3
3,3
3,3
3,4
3,2
3,65
3,314
3,4
3,4
3,4
3,23
3,4
3,29
3,5
3,3
3,1
3,1
3,310
3,51
3,2
3,121
3,3
3,23
3,56
3,23
3,3
3,3
3,120
3,16
3,0
3,121
3,23
3,94
3,11
3,29
3,11
3,11
3,11
3,5
3,0
3,3
3,11
3,310
3,11
3,11
3,3
3,23
3,1
3,331
3,0
3,16
3,2
3,23
3,11
3,16
3,13
3,16
3,164
3,23
3,23
3,11
3,2
3,1
3,1
3,335
3,5
3,4
3,4
3,40
3,62
3,6
3,2
3,22
3,4
3,3
3,1
3,23
3,321
3,23
3,1
3,65
3,65
3,16
3,327
3,16
3,23
3,11
3,11
3,23
3,40
3,16
3,3
3,23
3,4
3,11
3,13
3,3
3,120
3,0
3,23
3,5
3,11
3,1
3,16
3,5
3,5
3,322
3,23
3,11
3,5
3,17
3,7
3,94
3,4
3,2
3,1
3,20
3,23
3,23
3,1
3,1
3,16
3,40
3,3
3,2
3,3
3,4
3,16
3,1
3,0
3,62
3,4
3,214
3,16
3,1
3,23
3,11
3,23
3,23
3,4
3,1
3,29
3,16
3,20
3,1
3,11
3,106
3,22
3,16
3,4
3,3
3,4
3,11
3,40
3,16
3,108
3,1
3,1
3,2
3,11
3,2
3,23
3,3
3,16
3,16
3,11
3,1
3,0
3,3
3,26
3,255
3,104
3,23
3,344
3,2
3,23
3,2
3,23
3,0
3,5
3,65
3,3
3,11
3,16
3,23
3,0
3,3
3,317
3,237
3,4
3,3
3,4
3,5
3,128
3,4
3,1
3,346
3,2
3,23
3,22
3,23
3,0
3,22
3,29
3,2
3,3
3,1
3,2
3,2
3,17
3,2
3,269
3,22
3,4
3,62
3,4
3,5
3,11
3,20
3,16
3,3
3,92
3,3
3,3
3,11
3,0
3,23
3,11
3,26
3,0
3,96
3,20
3,196
3,3
3,2
3,1
3,23
3,2
3,16
3,3
3,108
3,4
3,4
3,24
3,23
3,23
3,29
3,16
3,11
3,11
3,1
3,96
3,2
3,2
3,26
3,2
3,4
3,26
3,4
3,23
3,1
3,97
3,2
3,120
3,23
3,16
3,11
3,23
3,16
3,40
3,22
3,4
3,23
3,1
3,20
3,94
3,22
3,4
3,4
3,52
3,23
3,50
3,2
3,2
3,40
3,4
3,351
3,0
3,2
3,4
3,121
3,0
3,95
3,4
3,3
3,3
3,3
3,62
3,40
3,5
3,1
3,17
3,0
3,2
3,26
3,11
3,2
3,23
3,22
3,4
3,0
3,0
3,1
3,1
3,3
3,4
3,4
3,4
3,11
3,23
3,265
3,286
3,126
3,22
3,29
3,0
3,16
3,3
3,29
3,4
3,108
3,7
3,0
3,17
3,16
3,0
3,94
3,16
3,120
3,22
3,2
3,11
3,11
3,1
3,338
3,2
3,47
3,17
3,23
3,3
3,29
3,26
3,2
3,1
3,22
3,1
3,17
3,22
3,94
3,23
3,354
3,2
3,2
3,143
3,23
3,11
3,2
3,16
3,2
3,2
3,164
3,1
3,11
3,11
3,1
3,4
3,1
3,2
3,1
3,11
3,23
3,1
3,11
3,191
3,2
3,1
3,23
3,5
3,4
3,1
3,16
3,2
3,0
3,6
3,357
3,1
3,20
3,17
3,16
3,4
3,16
3,11
3,1
3,29
3,23
3,11
3,1
3,23
3,17
3,11
3,23
3,3
3,2
3,4
3,23
3,23
3,121
3,255
3,207
3,164
3,17
3,23
3,4
3,5
3,3
3,44
3,1
3,1
3,121
3,2
3,46
3,3
3,16
3,23
3,2
3,2
3,3
3,40
3,16
3,1
3,16
3,16
3,1
3,2
3,1
3,361
3,23
3,1
3,3
3,0
3,1
3,255
3,3
3,23
3,4
3,3
3,3
3,4
3,11
3,0
3,20
3,71
3,16
3,2
3,2
3,3
3,16
3,1
3,5
3,3
3,120
3,2
3,1
3,286
3,362
3,4
3,4
3,22
3,11
3,0
3,1
3,3
3,363
3,4
3,11
3,2
3,4
3,3
3,23
3,3
3,1
3,29
3,16
3,23
3,23
3,3
3,16
3,23
3,4
3,2
3,4
3,108
3,11
3,20
3,4
3,104
3,11
3,2
3,3
3,11
3,16
3,365
3,11
3,1
3,4
3,11
3,16
3,84
3,23
3,366
3,4
3,20
3,2
3,3
3,25
3,17
3,4
3,5
3,101
3,23
3,23
3,52
3,0
3,293
3,0
3,1
3,4
3,1
3,1
3,286
3,3
3,11
3,73
3,23
3,23
3,4
3,29
3,3
3,26
3,2
3,4
3,11
3,11
3,1
3,23
3,4
3,23
3,38
3,121
3,106
3,1
3,16
3,5
3,62
3,4
3,1
3,2
3,20
3,16
3,1
3,2
3,16
3,2
3,1
3,3
3,2
3,23
3,1
3,11
3,17
3,22
3,2
3,23
3,65
3,371
3,3
3,11
3,1
3,255
3,121
3,4
3,4
3,16
3,11
3,1
3,40
3,4
3,2
3,11
3,23
3,23
3,23
3,4
3,1
3,11
3,1
3,24
3,374
3,1
3,16
3,23
3,62
3,4
3,11
3,2
3,1
3,1
3,3
3,271
3,23
3,2
3,23
3,4
3,3
3,3
3,4
3,11
3,1
3,23
3,11
3,2
3,2
3,2
3,3
3,11
3,121
3,4
3,11
3,11
3,17
3,3
3,23
3,121
3,4
3,29
3,327
3,1
3,17
3,310
3,22
3,3
3,1
3,3
3,16
3,1
3,254
3,44
3,4
3,1
3,2
3,29
3,2
3,121
3,145
3,7
3,11
3,56
3,22
3,29
3,1
3,23
3,11
3,2
3,23
3,3
3,4
3,1
3,16
3,3
3,1
3,11
3,5
3,16
3,0
3,3
3,5
3,23
3,22
3,16
3,321
3,11
3,94
3,16
3,23
3,121
3,4
3,11
3,1
3,16
3,1
3,1
3,0
3,106
3,4
3,120
3,16
3,11
3,16
3,0
3,121
3,2
3,1
3,11
3,22
3,5
3,16
3,2
3,24
3,108
3,1
3,22
3,22
3,40
3,62
3,40
3,23
3,121
3,62
3,11
3,1
3,96
3,1
3,16
3,3
3,108
3,120
3,3
3,16
3,13
3,3
3,4
3,29
3,23
3,293
3,47
3,13
3,0
3,0
3,1
3,29
3,23
3,2
3,43
3,4
3,2
3,3
3,4
3,23
3,23
3,286
3,327
3,23
3,1
3,50
3,1
3,41
3,4
3,23
3,1
3,5
3,16
3,2
3,16
3,1
3,1
3,16
3,1
3,44
3,126
3,16
3,11
3,16
3,3
3,2
3,2
3,106
3,17
3,3
3,11
3,5
3,23
3,2
3,1
3,321
3,23
3,96
3,3
3,0
3,5
3,40
3,16
3,1
3,23
3,23
3,364
3,271
3,265
3,4
3,16
3,4
3,11
3,73
3,2
3,106
3,11
3,108
3,16
3,2
3,96
3,11
3,3
3,16
3,121
3,389
3,1
3,11
3,23
3,0
3,4
3,3
3,3
3,2
3,16
3,16
3,1
3,11
3,2
3,1
3,11
3,11
3,22
3,40
3,26
3,4
3,147
3,4
3,1
3,16
3,11
3,5
3,1
3,4
3,106
3,120
3,23
3,23
3,3
3,3
3,6
3,93
3,164
3,1
3,23
3,1
3,7
3,1
3,1
3,16
3,16
3,286
3,16
3,4
3,2
3,2
3,62
3,0
3,4
3,16
3,2
3,4
3,16
3,11
3,29
3,1
3,23
3,106
3,11
3,71
3,3
3,16
3,23
3,1
3,23
3,96
3,1
3,3
3,2
3,4
3,145
3,2
3,275
3,121
3,51
3,1
3,120
3,1
3,84
3,7
3,23
3,4
3,1
3,23
3,5
3,108
3,65
3,2
3,1
3,16
3,4
3,120
3,23
3,155
3,41
3,3
3,0
3,106
3,11
3,2
3,5
3,321
3,1
3,2
3,11
3,3
3,108
3,4
3,4
3,23
3,2
3,0
3,22
3,94
3,3
3,16
3,3
3,4
3,23
3,16
3,196
3,16
3,4
3,3
3,23
3,362
3,4
3,1
3,5
3,11
3,3
3,4
3,1
3,11
3,23
3,11
3,1
3,2
3,0
3,2
3,3
3,398
3,22
3,337
3,1
3,2
3,4
3,1
3,4
3,120
3,2
3,23
3,41
3,11
3,106
3,1
3,4
3,16
3,16
3,1
3,16
3,40
3,11
3,2
3,16
3,16
3,16
3,121
3,4
3,16
3,2
3,120
3,11
3,16
3,16
3,23
3,2
3,2
3,1
3,23
3,0
3,1
3,0
3,23
3,2
3,16
3,20
3,11
3,287
3,4
3,4
3,17
3,4
3,1
3,1
3,22
3,3
3,0
3,23
3,1
3,22
3,11
3,3
3,3
3,2
3,94
3,2
3,40
3,3
3,106
3,145
3,23
3,11
3,2
3,0
3,4
3,106
3,0
3,3
3,1
3,22
3,22
3,11
3,3
3,94
3,11
3,163
3,11
3,43
3,402
3,16
3,23
3,156
3,11
3,2
3,16
3,3
3,3
3,23
3,0
3,40
3,3
3,11
3,405
3,3
3,3
3,11
3,4
3,11
3,11
3,16
3,29
3,23
3,20
3,11
3,121
3,11
3,185
3,89
3,4
3,20
3,1
3,84
3,16
3,1
3,2
3,2
3,1
3,1
3,2
3,11
3,2
3,1
3,65
3,2
3,4
3,16
3,11
3,1
3,2
3,4
3,3
3,3
3,23
3,23
3,2
3,0
3,16
3,3
3,23
3,23
3,2
3,271
3,215
3,4
3,11
3,1
3,16
3,370
3,23
3,20
3,16
3,23
3,11
3,106
3,3
3,11
3,11
3,4
3,1
3,3
3,120
3,23
3,4
3,0
3,104
3,23
3,47
3,2
3,16
3,0
3,11
3,4
3,6
3,1
3,4
3,0
3,1
3,23
3,44
3,3
3,16
3,16
3,24
3,1
3,22
3,20
3,2
3,416
3,4
3,29
3,1
3,41
3,255
3,16
3,3
3,0
3,23
3,4
3,1
3,120
3,40
3,2
3,2
3,268
3,74
3,17
3,16
3,11
3,1
3,16
3,1
3,23
3,0
3,2
3,3
3,1
3,11
3,11
3,94
3,23
3,23
3,4
3,1
3,62
3,29
3,23
3,3
3,1
3,17
3,3
3,3
3,1
3,47
3,35
3,1
3,1
3,3
3,26
3,11
3,1
3,2
3,2
3,121
3,62
3,11
3,23
3,1
3,11
3,2
3,0
3,4
3,73
3,1
3,23
3,4
3,2
3,1
3,40
3,271
3,22
3,163
3,11
3,16
3,1
3,65
3,3
3,0
3,3
3,25
3,1
3,22
3,5
3,23
3,16
3,22
3,23
3,0
3,22
3,128
3,0
3,16
3,11
3,17
3,16
3,11
3,16
3,55
3,0
3,23
3,5
3,1
3,44
3,3
3,23
3,62
3,23
3,427
3,4
3,16
3,11
3,3
3,94
3,16
3,16
3,106
3,1
3,51
3,40
3,286
3,23
3,23
3,21
3,2
3,1
3,11
3,4
3,11
3,0
3,3
3,147
3,162
3,108
3,3
3,23
3,73
3,4
3,16
3,26
3,4
3,3
3,213
3,11
3,3
3,3
3,11
3,3
3,1
3,1
3,89
3,1
3,1
3,20
3,2
3,3
3,3
3,1
3,1
3,47
3,2
3,214
3,6
3,286
3,11
3,11
3,1
3,17
3,120
3,16
3,4
3,16
3,21
3,11
3,22
3,62
3,120
3,4
3,106
3,4
3,23
3,0
3,16
3,16
3,16
3,162
3,1
3,145
3,23
3,23
3,2
3,25
3,3
3,120
3,4
3,430
3,3
3,4
3,16
3,0
3,2
3,4
3,358
3,1
3,11
3,3
3,106
3,16
3,431
3,4
3,4
3,1
3,3
3,4
3,1
3,16
3,74
3,15
3,4
3,1
3,23
3,3
3,120
3,2
3,11
3,52
3,20
3,5
3,4
3,156
3,17
3,145
3,1
3,16
3,2
3,320
3,11
3,1
3,0
3,89
3,23
3,3
3,1
3,2
3,26
3,2
3,2
3,120
3,4
3,251
3,3
3,16
3,62
3,1
3,16
3,327
3,106
3,16
3,0
3,164
3,106
3,16
3,5
3,3
3,26
3,43
3,11
3,5
3,23
3,106
3,1
3,3
3,5
3,3
3,0
3,11
3,3
3,0
3,1
3,3
3,0
3,4
3,4
3,26
3,1
3,108
3,4
3,106
3,1
3,16
3,321
3,16
3,1
3,22
3,106
3,1
3,2
3,145
3,23
3,4
3,4
3,0
3,1
3,0
3,2
3,16
3,1
3,3
3,4
3,11
3,23
3,121
3,11
3,3
3,2
3,3
3,4
3,4
3,4
3,11
3,3
3,1
3,2
3,4
3,23
3,120
3,3
3,5
3,4
3,4
3,2
3,11
3,3
3,3
3,1
3,275
3,4
3,13
3,3
3,106
3,23
3,120
3,120
3,11
3,11
3,121
3,4
3,16
3,164
3,5
3,22
3,358
3,4
3,22
3,16
3,2
3,4
3,4
3,1
3,4
3,11
3,29
3,1
3,1
3,2
3,23
3,2
3,2
3,3
3,3
3,2
3,16
3,1
3,106
3,156
3,92
3,2
3,11
3,1
3,3
3,4
3,207
3,3
3,11
3,40
3,68
3,2
3,2
3,438
3,16
3,16
3,16
3,1
3,62
3,138
3,120
3,40
3,4
3,94
3,121
3,121
3,3
3,2
3,154
3,2
3,4
3,16
3,1
3,441
3,2
3,16
3,16
3,11
3,22
3,23
3,108
3,5
3,4
3,2
3,26
3,3
3,23
3,62
3,4
3,74
3,22
3,23
3,29
3,16
3,120
3,16
3,4
3,11
3,5
3,4
3,16
3,16
3,23
3,4
3,4
3,2
3,0
3,1
3,2
3,3
3,23
3,11
3,4
3,1
3,11
3,11
3,4
3,342
3,23
3,3
3,4
3,41
3,3
3,77
3,1
3,16
3,316
3,11
3,20
3,5
3,16
3,2
3,23
3,1
3,0
3,11
3,16
3,23
3,121
3,2
3,11
3,29
3,4
3,2
3,1
3,1
3,4
3,3
3,16
3,23
3,4
3,1
3,2
3,16
3,29
3,1
3,22
3,4
3,443
3,16
3,1
3,1
3,16
3,21
3,16
3,5
3,3
3,4
3,1
3,3
3,23
3,0
3,35
3,4
3,2
3,3
3,1
3,16
3,4
3,2
3,5
3,11
3,108
3,0
3,23
3,23
3,4
3,1
3,26
3,16
3,23
3,0
3,16
3,4
3,4
3,16
3,0
3,444
3,26
3,84
3,23
3,23
3,2
3,446
3,3
3,16
3,11
3,120
3,16
3,23
3,5
3,3
3,3
3,1
3,23
3,23
3,4
3,147
3,1
3,3
3,26
3,2
3,11
3,22
3,16
3,3
3,2
3,11
3,1
3,11
3,2
3,23
3,29
3,0
3,1
3,2
3,3
3,1
3,1
3,131
3,209
3,1
3,16
3,16
3,70
3,29
3,4
3,23
3,23
3,11
3,11
3,16
3,29
3,11
3,0
3,16
3,3
3,20
3,1
3,4
3,11
3,23
3,11
3,2
3,3
3,3
3,40
3,22
3,3
3,1
3,16
3,62
3,11
3,22
3,1
3,3
3,48
3,16
3,11
3,1
3,23
3,3
3,2
3,449
3,44
3,3
3,2
3,283
3,65
3,3
3,1
3,121
3,16
3,4
3,2
3,2
3,1
3,11
3,4
3,2
3,2
3,16
3,2
3,3
3,2
3,16
3,23
3,23
3,3
3,23
3,11
3,23
3,4
3,74
3,11
3,77
3,23
3,277
3,16
3,2
3,3
3,11
3,16
3,2
3,1
3,1
3,11
3,11
3,2
3,2
3,11
3,11
3,22
3,2
3,271
3,23
3,2
3,3
3,16
3,3
3,5
3,3
3,286
3,43
3,96
3,94
3,3
3,0
3,29
3,5
3,0
3,454
3,5
3,73
3,26
3,1
3,3
3,0
3,24
3,1
3,2
3,106
3,11
3,198
3,23
3,3
3,3
3,11
3,16
3,4
3,2
3,2
3,94
3,23
3,106
3,3
3,16
3,1
3,16
3,139
3,1
3,26
3,3
3,0
3,4
3,23
3,3
3,0
3,1
3,4
3,62
3,128
3,1
3,11
3,2
3,20
3,3
3,11
3,145
3,2
3,4
3,120
3,22
3,23
3,455
3,0
3,4
3,4
3,26
3,1
3,11
3,121
3,0
3,23
3,3
3,11
3,23
3,29
3,23
3,94
3,2
3,322
3,1
3,11
3,4
3,3
3,2
3,3
3,5
3,4
3,16
3,11
3,11
3,120
3,22
3,308
3,11
3,23
3,0
3,11
3,22
3,94
3,23
3,23
3,71
3,3
3,16
3,29
3,3
3,94
3,3
3,23
3,96
3,11
3,156
3,23
3,126
3,3
3,11
3,7
3,11
3,11
3,85
3,20
3,2
3,1
3,2
3,16
3,1
3,121
3,106
3,23
3,3
3,11
3,23
3,2
3,4
3,16
3,104
3,2
3,4
3,0
3,16
3,5
3,3
3,22
3,106
3,11
3,11
3,16
3,16
3,1
3,4
3,3
3,43
3,23
3,1
3,2
3,16
3,16
3,1
3,1
3,23
3,327
3,73
3,101
3,121
3,4
3,3
3,1
3,65
3,1
3,22
3,11
3,121
3,0
3,16
3,62
3,4
3,0
3,2
3,44
3,120
3,2
3,23
3,2
3,3
3,2
3,3
3,4
3,23
3,3
3,11
3,22
3,1
3,0
3,1
3,16
3,106
3,11
3,11
3,7
3,1
3,120
3,29
3,4
3,4
3,0
3,4
3,1
3,17
3,1
3,16
3,4
3,2
3,2
3,11
3,3
3,11
3,121
3,11
3,16
3,29
3,3
3,1
3,2
3,11
3,3
3,4
3,16
3,1
3,2
3,4
3,2
3,4
3,3
3,4
3,4
3,3
3,1
3,3
3,11
3,4
3,16
3,3
3,3
3,16
3,3
3,20
3,255
3,3
3,1
3,11
3,23
3,4
3,4
3,11
3,0
3,2
3,2
3,3
3,1
3,0
3,26
3,3
3,280
3,121
3,11
3,23
3,0
3,106
3,29
3,1
3,73
3,23
3,3
3,22
3,94
3,16
3,29
3,2
3,26
3,3
3,466
3,23
3,2
3,16
3,3
3,5
3,4
3,23
3,11
3,16
3,4
3,4
3,2
3,11
3,271
3,3
3,22
3,11
3,120
3,2
3,23
3,23
3,11
3,4
3,11
3,1
3,2
3,1
3,71
3,0
3,1
3,3
3,20
3,1
3,23
3,4
3,23
3,1
3,16
3,2
3,16
3,11
3,23
3,23
3,0
3,16
3,3
3,1
3,16
3,17
3,3
3,4
3,3
3,1
3,16
3,20
3,2
3,3
3,23
3,16
3,23
3,281
3,11
3,7
3,40
3,156
3,96
3,0
3,4
3,43
3,11
3,29
3,11
3,1
3,439
3,1
3,16
3,24
3,1
3,339
3,4
3,1
3,0
3,96
3,2
3,286
3,120
3,471
3,11
3,23
3,16
3,0
3,4
3,22
3,1
3,4
3,22
3,11
3,104
3,6
3,286
3,16
3,20
3,121
3,4
3,23
3,22
3,51
3,23
3,11
3,4
3,4
3,26
3,16
3,271
3,11
3,2
3,4
3,1
3,23
3,29
3,4
3,1
3,23
3,11
3,4
3,62
3,2
3,2
3,23
3,2
3,62
3,22
3,2
3,16
3,3
3,23
3,1
3,1
3,3
3,106
3,65
3,94
3,4
3,2
3,62
3,16
3,0
3,23
3,2
3,44
3,23
3,106
3,286
3,23
3,23
3,4
3,106
3,3
3,16
3,1
3,3
3,11
3,3
3,4
3,3
3,1
3,16
3,16
3,11
3,23
3,4
3,3
3,475
3,11
3,120
3,16
3,16
3,11
3,11
3,4
3,11
3,3
3,3
3,2
3,16
3,286
3,2
3,3
3,23
3,40
3,0
3,4
3,73
3,4
3,43
3,4
3,16
3,94
3,4
3,3
3,121
3,255
3,4
3,161
3,11
3,2
3,26
3,2
3,23
3,2
3,16
3,106
3,4
3,11
3,3
3,16
3,4
3,1
3,11
3,4
3,2
3,11
3,23
3,2
3,94
3,3
3,2
3,3
3,23
3,40
3,106
3,2
3,3
3,2
3,16
3,1
3,477
3,2
3,1
3,2
3,4
3,4
3,1
3,4
3,1
3,3
3,2
3,62
3,4
3,4
3,2
3,16
3,4
3,11
3,0
3,4
3,23
3,126
3,2
3,22
3,94
3,23
3,271
3,23
3,1
3,162
3,345
3,207
3,11
3,4
3,23
3,1
3,2
3,1
3,4
3,1
3,1
3,94
3,1
3,0
3,480
3,26
3,2
3,4
3,22
3,16
3,23
3,16
3,65
3,5
3,22
3,3
3,49
3,11
3,23
3,16
3,0
3,11
3,23
3,442
3,2
3,4
3,23
3,24
3,1
3,16
3,121
3,4
3,2
3,16
3,1
3,11
3,5
3,13
3,23
3,92
3,4
3,62
3,47
3,104
3,11
3,2
3,3
3,1
3,120
3,23
3,2
3,2
3,254
3,3
3,23
3,16
3,3
3,363
3,106
3,2
3,1
3,4
3,17
3,62
3,0
3,1
3,120
3,1
3,3
3,11
3,11
3,106
3,121
3,2
3,16
3,2
3,2
3,3
3,3
3,4
3,2
3,3
3,4
3,4
3,11
3,2
3,1
3,2
3,23
3,11
3,3
3,62
3,11
3,484
3,11
3,0
3,0
3,39
3,16
3,16
3,62
3,3
3,1
3,3
3,11
3,2
3,11
3,486
3,11
3,104
3,29
3,16
3,2
3,2
3,4
3,62
3,343
3,11
3,68
3,23
3,94
3,4
3,1
3,4
3,40
3,11
3,2
3,3
3,11
3,1
3,3
3,2
3,2
3,156
3,2
3,71
3,16
3,3
3,23
3,4
3,65
3,11
3,65
3,22
3,2
3,1
3,2
3,23
3,23
3,310
3,5
3,120
3,2
3,4
3,488
3,16
3,2
3,62
3,11
3,26
3,3
3,16
3,1
3,62
3,22
3,23
3,40
3,2
3,1
3,23
3,4
3,11
3,1
3,23
3,1
3,16
3,1
3,120
3,41
3,11
3,1
3,16
3,16
3,2
3,1
3,22
3,3
3,5
3,4
3,346
3,39
3,1
3,1
3,3
3,2
3,1
3,62
3,5
3,3
3,23
3,3
3,3
3,11
3,4
3,164
3,23
3,0
3,11
3,1
3,17
3,16
3,2
3,106
3,84
3,40
3,5
3,11
3,1
3,1
3,4
3,2
3,16
3,5
3,1
3,16
3,2
3,1
3,3
3,1
3,1
3,4
3,23
3,22
3,1
3,23
3,23
3,11
3,11
3,108
3,337
3,89
3,120
3,22
3,11
3,51
3,4
3,11
3,50
3,214
3,2
3,16
3,5
3,1
3,1
3,2
3,3
3,0
3,40
3,11
3,2
3,1
3,2
3,23
3,16
3,4
3,4
3,23
3,106
3,23
3,23
3,3
3,23
3,11
3,1
3,3
3,1
3,4
3,1
3,29
3,3
3,43
3,1
3,3
3,2
3,1
3,3
3,3
3,3
3,2
3,1
3,4
3,20
3,2
3,4
3,2
3,11
3,44
3,5
3,2
3,2
3,4
3,4
3,106
3,23
3,1
3,40
3,3
3,4
3,4
3,25
3,16
3,65
3,11
3,23
3,3
3,16
3,1
3,346
3,1
3,4
3,102
3,62
3,4
3,106
3,1
3,4
3,2
3,143
3,16
3,11
3,3
3,17
3,1
3,16
3,0
3,2
3,16
3,16
3,320
3,16
3,1
3,11
3,121
3,1
3,121
3,16
3,104
3,1
3,4
3,3
3,3
3,11
3,62
3,11
3,16
3,4
3,23
3,1
3,1
3,1
3,1
3,44
3,2
3,1
3,17
3,0
3,2
3,281
3,0
3,4
3,16
3,22
3,16
3,2
3,0
3,108
3,2
3,1
3,23
3,11
3,2
3,4
3,23
3,1
3,1
3,11
3,11
3,3
3,3
3,1
3,121
3,2
3,1
3,11
3,11
3,2
3,0
3,319
3,23
3,4
3,5
3,3
3,1
3,11
3,120
3,1
3,16
3,2
3,23
3,4
3,156
3,20
3,22
3,65
3,17
3,2
3,23
3,11
3,20
3,121
3,1
3,108
3,23
3,504
3,5
3,1
3,4
3,23
3,106
3,1
3,1
3,2
3,3
3,11
3,62
3,2
3,1
3,4
3,3
3,3
3,40
3,47
3,11
3,286
3,106
3,16
3,506
3,4
3,11
3,2
3,94
3,4
3,23
3,16
3,0
3,2
3,16
3,11
3,2
3,23
3,1
3,1
3,360
3,16
3,3
3,29
3,255
3,2
3,23
3,13
3,11
3,4
3,16
3,347
3,11
3,3
3,1
3,34
3,11
3,26
3,29
3,0
3,405
3,120
3,16
3,2
3,1
3,11
3,16
3,3
3,22
3,16
3,65
3,2
3,2
3,17
3,16
3,24
3,126
3,11
3,40
3,4
3,4
3,2
3,1
3,23
3,2
3,23
3,11
3,0
3,3
3,92
3,2
3,1
3,121
3,4
3,3
3,2
3,0
3,67
3,23
3,47
3,11
3,94
3,120
3,3
3,3
3,4
3,5
3,511
3,2
3,23
3,2
3,11
3,16
3,2
3,11
3,11
3,23
3,4
3,23
3,4
3,23
3,1
3,5
3,4
3,4
3,154
3,23
3,2
3,3
3,515
3,4
3,16
3,106
3,1
3,3
3,4
3,23
3,16
3,4
3,321
3,23
3,275
3,1
3,210
3,16
3,254
3,23
3,210
3,106
3,11
3,11
3,2
3,5
3,23
3,94
3,11
3,1
3,120
3,11
3,1
3,11
3,2
3,255
3,106
3,20
3,20
3,4
3,11
3,10
3,2
3,16
3,4
3,2
3,94
3,4
3,286
3,96
3,40
3,11
3,17
3,11
3,2
3,2
3,11
3,23
3,4
3,0
3,16
3,22
3,4
3,23
3,11
3,0
3,121
3,29
3,3
3,23
3,16
3,11
3,3
3,3
3,62
3,11
3,1
3,303
3,11
3,11
3,11
3,1
3,38
3,16
3,11
3,3
3,3
3,20
3,26
3,16
3,16
3,3
3,3
3,50
3,23
3,51
3,0
3,16
3,0
3,520
3,40
3,104
3,23
3,1
3,23
3,11
3,2
3,1
3,23
3,16
3,16
3,2
3,3
3,1
3,47
3,0
3,1
3,23
3,4
3,11
3,365
3,11
3,1
3,16
3,94
3,3
3,2
3,11
3,2
3,11
3,5
3,21
3,17
3,4
3,94
3,20
3,11
3,20
3,5
3,22
3,16
3,17
3,58
3,2
3,22
3,1
3,2
3,16
3,5
3,2
3,185
3,3
3,4
3,11
3,121
3,40
3,2
3,4
3,1
3,1
3,50
3,522
3,4
3,26
3,1
3,11
3,1
3,17
3,4
3,23
3,1
3,44
3,11
3,4
3,186
3,153
3,134
3,13
3,3
3,0
3,16
3,92
3,94
3,4
3,4
3,11
3,3
3,1
3,126
3,106
3,3
3,120
3,4
3,120
3,11
3,210
3,3
3,16
3,1
3,23
3,68
3,1
3,1
3,5
3,3
3,11
3,40
3,4
3,23
3,22
3,101
3,1
3,5
3,1
3,2
3,1
3,1
3,1
3,1
3,154
3,11
3,171
3,4
3,121
3,23
3,120
3,38
3,11
3,11
3,108
3,4
3,3
3,1
3,11
3,163
3,22
3,62
3,3
3,3
3,16
3,11
3,2
3,2
3,23
3,23
3,0
3,2
3,2
3,62
3,2
3,255
3,120
3,40
3,120
3,2
3,3
3,23
3,1
3,3
3,6
3,23
3,16
3,128
3,16
3,38
3,2
3,3
3,1
3,23
3,5
3,25
3,2
3,22
3,1
3,11
3,17
3,16
3,23
3,41
3,3
3,5
3,48
3,108
3,3
3,62
3,23
3,41
3,20
3,4
3,1
3,3
3,0
3,1
3,2
3,4
3,121
3,2
3,2
3,16
3,1
3,102
3,22
3,22
3,3
3,3
3,16
3,255
3,16
3,1
3,121
3,1
3,0
3,4
3,23
3,11
3,11
3,23
3,4
3,255
3,1
3,1
3,11
3,23
3,0
3,5
3,16
3,3
3,16
3,2
3,4
3,528
3,2
3,16
3,3
3,50
3,1
3,2
3,2
3,23
3,29
3,94
3,1
3,94
3,1
3,2
3,3
3,11
3,2
3,23
3,2
3,11
3,3
3,196
3,108
3,1
3,4
3,1
3,23
3,4
3,42
3,2
3,3
3,4
3,16
3,3
3,121
3,23
3,20
3,21
3,74
3,120
3,29
3,52
3,48
3,4
3,16
3,255
3,128
3,1
3,16
3,1
3,16
3,3
3,11
3,3
3,3
3,3
3,23
3,22
3,24
3,2
3,94
3,2
3,3
3,23
3,2
3,11
3,1
3,3
3,121
3,121
3,2
3,2
3,533
3,207
3,1
3,0
3,202
3,1
3,0
3,1
3,2
3,2
3,23
3,1
3,96
3,4
3,3
3,5
3,1
3,3
3,2
3,23
3,11
3,23
3,11
3,1
3,145
3,2
3,16
3,20
3,2
3,10
3,44
3,23
3,16
3,39
3,16
3,4
3,23
3,29
3,65
3,11
3,11
3,11
3,2
3,24
3,11
3,23
3,23
3,11
3,1
3,3
3,120
3,2
3,4
3,1
3,11
3,3
3,16
3,106
3,1
3,11
3,337
3,11
3,43
3,40
3,1
3,5
3,16
3,1
3,1
3,22
3,23
3,16
3,16
3,4
3,22
3,1
3,1
3,23
3,11
3,4
3,4
3,16
3,23
3,11
3,11
3,3
3,1
3,4
3,120
3,50
3,47
3,3
3,2
3,143
3,4
3,1
3,7
3,2
3,3
3,2
3,23
3,3
3,16
3,16
3,11
3,16
3,0
3,11
3,308
3,11
3,11
3,3
3,11
3,29
3,4
3,40
3,23
3,3
3,23
3,1
3,4
3,1
3,44
3,16
3,2
3,16
3,255
3,4
3,51
3,11
3,4
3,121
3,1
3,2
3,4
3,23
3,286
3,23
3,0
3,1
3,3
3,2
3,11
3,40
3,0
3,1
3,11
3,25
3,11
3,3
3,3
3,154
3,17
3,2
3,11
3,29
3,1
3,2
3,1
3,1
3,26
3,299
3,4
3,4
3,2
3,13
3,1
3,3
3,3
3,11
3,21
3,4
3,23
3,23
3,62
3,4
3,20
3,164
3,3
3,23
3,121
3,2
3,1
3,29
3,22
3,2
3,2
3,120
3,11
3,2
3,3
3,16
3,23
3,62
3,16
3,23
3,62
3,38
3,4
3,273
3,4
3,16
3,50
3,1
3,2
3,23
3,26
3,4
3,121
3,4
3,22
3,41
3,16
3,1
3,5
3,65
3,3
3,23
3,23
3,16
3,23
3,3
3,23
3,71
3,62
3,2
3,3
3,1
3,3
3,16
3,2
3,11
3,71
3,4
3,20
3,11
3,1
3,23
3,4
3,4
3,16
3,4
3,16
3,2
3,3
3,23
3,11
3,1
3,372
3,62
3,16
3,16
3,3
3,431
3,2
3,2
3,1
3,1
3,0
3,23
3,1
3,16
3,4
3,22
3,23
3,471
3,23
3,22
3,23
3,16
3,16
3,4
3,1
3,62
3,2
3,359
3,106
3,16
3,11
3,2
3,2
3,16
3,3
3,16
3,3
3,4
3,1
3,16
3,117
3,4
3,287
3,2
3,120
3,11
3,413
3,74
3,26
3,3
3,52
3,1
3,104
3,4
3,2
3,4
3,3
3,23
3,47
3,23
3,0
3,11
3,0
3,16
3,2
3,32
3,120
3,17
3,52
3,11
3,121
3,62
3,1
3,3
3,308
3,108
3,40
3,3
3,11
3,22
3,29
3,5
3,62
3,23
3,1
3,23
3,2
3,23
3,2
3,16
3,11
3,1
3,73
3,101
3,4
3,2
3,55
3,3
3,0
3,4
3,23
3,17
3,1
3,23
3,16
3,16
3,62
3,2
3,4
3,26
3,16
3,47
3,3
3,11
3,16
3,1
3,52
3,5
3,42
3,16
3,4
3,23
3,11
3,29
3,16
3,23
3,0
3,23
3,23
3,11
3,4
3,4
3,4
3,11
3,22
3,11
3,29
3,2
3,2
3,1
3,3
3,3
3,16
3,11
3,4
3,27
3,23
3,4
3,104
3,4
3,11
3,3
3,1
3,16
3,16
3,22
3,5
3,20
3,4
3,11
3,121
3,22
3,94
3,65
3,121
3,3
3,47
3,1
3,23
3,151
3,1
3,1
3,23
3,57
3,1
3,4
3,1
3,16
3,3
3,16
3,2
3,17
3,16
3,0
3,2
3,11
3,16
3,16
3,16
3,3
3,16
3,16
3,3
3,126
3,1
3,2
3,24
3,4
3,11
3,40
3,1
3,419
3,62
3,2
3,29
3,3
3,26
3,23
3,16
3,2
3,4
3,4
3,22
3,2
3,11
3,2
3,1
3,94
3,5
3,23
3,11
3,40
3,16
3,11
3,1
3,1
3,11
3,11
3,106
3,1
3,2
3,4
3,23
3,1
3,11
3,23
3,156
3,1
3,547
3,4
3,2
3,23
3,23
3,16
3,1
3,1
3,121
3,291
3,26
3,17
3,22
3,94
3,1
3,40
3,121
3,23
3,0
3,51
3,2
3,11
3,16
3,286
3,1
3,1
3,1
3,23
3,2
3,347
4,3
4,23
4,147
4,4
4,4
4,4
4,3
4,2
4,23
4,23
4,0
4,4
4,4
4,293
4,283
4,254
4,3
4,1
4,0
4,210
4,11
4,2
4,0
4,84
4,2
4,23
4,23
4,147
4,23
4,0
4,58
4,29
4,0
4,3
4,4
4,4
4,0
4,58
4,3
4,3
4,280
4,557
4,101
4,44
4,1
4,254
4,254
4,147
4,2
4,3
4,3
4,3
4,2
4,4
4,71
4,4
4,0
4,0
4,0
4,2
4,3
4,2
4,3
4,0
4,4
4,4
4,29
4,3
4,2
4,0
4,0
4,4
4,147
4,561
4,23
4,3
4,11
4,89
4,1
4,74
4,73
4,4
4,128
4,44
4,3
4,0
4,147
4,2
4,23
4,2
4,2
4,4
4,0
4,26
4,0
4,2
4,16
4,210
4,3
4,254
4,4
4,0
4,567
4,16
4,23
4,26
4,2
4,254
4,147
4,11
4,568
4,294
4,1
4,40
4,182
4,4
4,23
4,0
4,23
4,13
4,573
4,29
4,3
4,3
4,210
4,210
4,4
4,26
4,0
4,2
4,126
4,4
4,147
4,4
4,0
4,214
4,280
4,3
4,0
4,2
4,254
4,58
4,29
4,3
4,3
4,362
4,23
4,2
4,0
4,2
4,11
4,3
4,23
4,4
4,85
4,210
4,0
4,3
4,4
4,294
4,23
4,2
4,23
4,16
4,96
4,0
4,2
4,4
4,85
4,23
4,2
4,285
4,106
4,2
4,0
4,44
4,23
4,73
4,4
4,0
4,203
4,44
4,251
4,3
4,1
4,0
4,0
4,23
4,293
4,23
4,26
4,577
4,2
4,3
4,147
4,0
4,0
4,40
4,3
4,578
4,147
4,58
4,24
4,1
4,462
4,3
4,51
4,557
4,254
4,2
4,0
4,23
4,0
4,44
4,2
4,4
4,4
4,20
4,3
4,0
4,1
4,4
4,44
4,93
4,16
4,93
4,3
4,29
4,40
4,93
4,3
4,210
4,4
4,23
4,40
4,2
4,3
4,44
4,4
4,3
4,2
4,2
4,3
4,4
4,20
4,147
4,2
4,23
4,23
4,4
4,3
4,4
4,582
4,4
4,396
4,2
4,3
4,3
4,163
4,4
4,3
4,23
4,583
4,2
4,584
4,44
4,26
4,4
4,23
4,293
4,2
4,254
4,3
4,13
4,3
4,214
4,3
4,85
4,3
4,147
4,0
4,147
4,294
4,210
4,2
4,3
4,11
4,16
4,4
4,58
4,196
4,2
4,1
4,588
4,2
4,4
4,4
4,44
4,11
4,396
4,0
4,214
4,3
4,2
4,2
4,23
4,0
4,2
4,3
4,11
4,254
4,592
4,164
4,3
4,2
4,23
4,23
4,254
4,147
4,3
4,4
4,3
4,362
4,254
4,44
4,1
4,0
4,11
4,16
4,23
4,3
4,0
4,4
4,0
4,3
4,26
4,156
4,94
4,4
4,23
4,101
4,4
4,164
4,2
4,1
4,254
4,1
4,44
4,23
4,23
4,147
4,44
4,3
4,3
4,23
4,0
4,254
4,5
4,2
4,214
4,16
4,41
4,0
4,0
4,4
4,11
4,44
4,4
4,50
4,0
4,2
4,26
4,23
4,85
4,3
4,11
4,154
4,251
4,0
4,4
4,16
4,3
4,3
4,23
4,490
4,0
4,4
4,11
4,71
4,23
4,23
4,147
4,58
4,2
4,11
4,23
4,2
4,2
4,3
4,210
4,214
4,4
4,2
4,3
4,26
4,598
4,1
4,16
4,29
4,0
4,1
4,23
4,23
4,40
4,3
4,600
4,23
4,11
4,0
4,1
4,0
4,23
4,2
4,3
4,22
4,123
4,1
4,3
4,0
4,20
4,4
4,44
4,254
4,4
4,23
4,4
4,2
4,2
4,117
4,4
4,11
4,23
4,3
4,603
4,23
4,210
4,23
4,1
4,40
4,4
4,294
4,499
4,254
4,164
4,210
4,4
4,247
4,209
4,4
4,2
4,0
4,3
4,4
4,2
4,20
4,121
4,123
4,26
4,2
4,4
4,0
4,2
4,210
4,10
4,0
4,23
4,3
4,2
4,164
4,11
4,129
4,0
4,1
4,44
4,16
4,23
4,40
4,4
4,1
4,0
4,210
4,0
4,20
4,3
4,3
4,0
4,40
4,557
4,44
4,4
4,23
4,11
4,23
4,23
4,23
4,214
4,2
4,3
4,44
4,0
4,23
4,44
4,0
4,2
4,0
4,254
4,254
4,4
4,40
4,11
4,4
4,3
4,58
4,210
4,13
4,0
4,0
4,23
4,23
4,23
4,4
4,4
4,4
4,16
4,4
4,23
4,23
4,0
4,3
4,2
4,285
4,16
4,285
4,4
4,4
4,1
4,3
4,2
4,0
4,616
4,3
4,2
4,163
4,3
4,26
4,57
4,3
4,396
4,29
4,0
4,23
4,16
4,0
4,23
4,23
4,0
4,23
4,0
4,23
4,1
4,129
4,16
4,23
4,58
4,2
4,43
4,558
4,26
4,73
4,44
4,153
4,29
4,214
4,4
4,23
4,5
4,44
4,0
4,20
4,2
4,3
4,2
4,56
4,2
4,58
4,147
4,44
4,44
4,619
4,1
4,247
4,0
4,23
4,0
4,126
4,58
4,147
4,3
4,2
4,2
4,3
4,2
4,4
4,3
4,23
4,2
4,247
4,58
4,2
4,0
4,143
4,0
4,44
4,203
4,4
4,2
4,4
4,137
4,27
4,2
4,3
4,4
4,293
4,4
4,4
4,2
4,214
4,1
4,210
4,123
4,11
4,2
4,3
4,85
4,29
4,3
4,4
4,47
4,1
4,4
4,2
4,156
4,2
4,623
4,154
4,23
4,203
4,0
4,0
4,4
4,93
4,85
4,23
4,154
4,462
4,5
4,2
4,147
4,156
4,3
4,2
4,2
4,2
4,0
4,0
4,128
4,186
4,4
4,0
4,3
4,1
4,4
4,23
4,4
4,44
4,2
4,2
4,147
4,4
4,79
4,3
4,0
4,23
4,44
4,16
4,23
4,254
4,4
4,4
4,3
4,627
4,96
4,44
4,16
4,4
4,4
4,3
4,4
4,2
4,0
4,22
4,2
4,2
4,214
4,0
4,628
4,16
4,0
4,57
4,137
4,4
4,4
4,2
4,3
4,1
4,2
4,3
4,23
4,3
4,565
4,5
4,4
4,3
4,247
4,2
4,16
4,4
4,4
4,2
4,3
4,0
4,23
4,85
4,23
4,2
4,1
4,47
4,4
4,3
4,0
4,2
4,4
4,3
4,0
4,3
4,3
4,2
4,4
4,210
4,254
4,23
4,23
4,20
4,23
4,4
4,29
4,85
4,4
4,44
4,4
4,11
4,1
4,11
4,43
4,44
4,293
4,44
4,254
4,536
4,123
4,4
4,47
4,4
4,58
4,44
4,16
4,0
4,29
4,0
4,1
4,147
4,3
4,396
4,4
4,1
4,1
4,3
4,3
4,4
4,23
4,23
4,126
4,11
4,3
4,11
4,362
4,23
4,4
4,26
4,147
4,3
4,23
4,631
4,129
4,11
4,20
4,23
4,632
4,254
4,20
4,29
4,147
4,1
4,1
4,2
4,3
4,44
4,247
4,11
4,0
4,16
4,1
4,147
4,58
4,11
4,4
4,3
4,3
4,0
4,4
4,3
4,23
4,16
4,4
4,4
4,3
4,4
4,16
4,1
4,2
4,635
4,536
4,16
4,2
4,58
4,431
4,1
4,562
4,0
4,23
4,4
4,254
4,3
4,4
4,4
4,57
4,396
4,3
4,2
4,2
4,396
4,0
4,2
4,254
4,1
4,564
4,2
4,23
4,254
4,203
4,0
4,4
4,2
4,4
4,4
4,11
4,51
4,4
4,3
4,11
4,4
4,50
4,1
4,4
4,29
4,4
4,210
4,3
4,23
4,0
4,462
4,0
4,247
4,0
4,22
4,3
4,4
4,3
4,0
4,4
4,147
4,3
4,210
4,0
4,2
4,147
4,2
4,23
4,2
4,0
4,0
4,44
4,0
4,23
4,3
4,4
4,4
4,4
4,44
4,2
4,3
4,3
4,23
4,155
4,3
4,4
4,16
4,0
4,23
4,0
4,2
4,16
4,352
4,2
4,4
4,0
4,0
4,58
4,210
4,22
4,71
4,2
4,0
4,4
4,496
4,20
4,4
4,23
4,3
4,254
4,2
4,3
4,4
4,294
4,2
4,23
4,0
4,2
4,0
4,23
4,644
4,496
4,23
4,147
4,0
4,185
4,254
4,23
4,3
4,0
4,3
4,2
4,23
4,23
4,4
4,627
4,3
4,4
4,0
4,20
4,23
4,56
4,2
4,4
4,3
4,210
4,3
4,4
4,23
4,0
4,0
4,0
4,584
4,1
4,1
4,214
4,0
4,4
4,6
4,1
4,2
4,23
4,43
4,2
4,11
4,2
4,58
4,0
4,0
4,13
4,23
4,11
4,23
4,23
4,2
4,11
4,23
4,3
4,29
4,396
4,4
4,58
4,4
4,1
4,23
4,3
4,3
4,23
4,2
4,0
4,23
4,2
4,0
4,2
4,4
4,23
4,4
4,23
4,129
4,2
4,44
4,3
4,11
4,210
4,3
4,0
4,23
4,48
4,26
4,0
4,40
4,23
4,0
4,36
4,23
4,3
4,557
4,23
4,147
4,0
4,44
4,147
4,4
4,58
4,11
4,11
4,123
4,3
4,5
4,2
4,123
4,4
4,562
4,247
4,0
4,0
4,16
4,44
4,462
4,2
4,277
4,4
4,2
4,4
4,23
4,16
4,23
4,3
4,70
4,23
4,0
4,396
4,23
4,4
4,3
4,0
4,3
4,3
4,6
4,20
4,16
4,52
4,94
4,29
4,26
4,254
4,2
4,147
4,4
4,120
4,210
4,0
4,164
4,3
4,2
4,4
4,3
4,3
4,16
4,650
4,20
4,4
4,4
4,3
4,3
4,1
4,44
4,4
4,4
4,23
4,0
4,254
4,4
4,4
4,108
4,2
4,4
4,3
4,1
4,3
4,68
4,4
4,2
4,85
4,147
4,58
4,26
4,651
4,4
4,280
4,2
4,4
4,147
4,47
4,2
4,247
4,0
4,0
4,23
4,0
4,0
4,4
4,2
4,177
4,129
4,0
4,23
4,3
4,147
4,58
4,23
4,4
4,654
4,4
4,29
4,3
4,293
4,23
4,16
4,2
4,0
4,11
4,26
4,23
4,84
4,1
4,490
4,4
4,210
4,147
4,2
4,2
4,254
4,89
4,2
4,3
4,26
4,2
4,2
4,2
4,293
4,22
4,214
4,23
4,58
4,23
4,293
4,16
4,293
4,362
4,3
4,210
4,3
4,2
4,23
4,2
4,23
4,1
4,0
4,247
4,0
4,210
4,3
4,0
4,2
4,196
4,11
4,2
4,0
4,2
4,11
4,4
4,4
4,147
4,2
4,16
4,3
4,210
4,3
4,3
4,254
4,2
4,3
4,0
4,3
4,2
4,11
4,58
4,128
4,3
4,0
4,4
4,11
4,44
4,2
4,137
4,23
4,1
4,123
4,2
4,23
4,0
4,29
4,23
4,73
4,58
4,2
4,23
4,23
4,3
4,0
4,23
4,586
4,658
4,23
4,2
4,3
4,2
4,16
4,2
4,3
4,3
4,58
4,2
4,0
4,16
4,0
4,1
4,3
4,23
4,254
4,2
4,5
4,26
4,23
4,0
4,40
4,210
4,2
4,2
4,2
4,552
4,44
4,71
4,23
4,2
4,6
4,584
4,2
4,147
4,210
4,2
4,4
4,0
4,6
4,0
4,3
4,4
4,154
4,210
4,4
4,3
4,1
4,74
4,4
4,3
4,101
4,162
4,0
4,23
4,0
4,2
4,16
4,660
4,0
4,106
4,23
4,85
4,0
4,3
4,4
4,44
4,23
4,29
4,20
4,496
4,44
4,372
4,1
4,11
4,3
4,44
4,2
4,4
4,147
4,3
4,3
4,1
4,3
4,2
4,23
4,29
4,3
4,23
4,23
4,2
4,3
4,3
4,2
4,4
4,147
4,32
4,2
4,4
4,156
4,572
4,2
4,2
4,254
4,23
4,41
4,29
4,2
4,58
4,0
4,2
4,11
4,20
4,3
4,23
4,210
4,4
4,210
4,0
4,123
4,147
4,51
4,58
4,3
4,44
4,2
4,0
4,26
4,58
4,1
4,496
4,3
4,16
4,4
4,16
4,23
4,0
4,44
4,147
4,4
4,38
4,23
4,2
4,44
4,3
4,3
4,85
4,3
4,5
4,1
4,4
4,22
4,1
4,23
4,58
4,126
4,2
4,47
4,137
4,0
4,396
4,1
4,23
4,23
4,147
4,0
4,396
4,16
4,2
4,16
4,462
4,2
4,23
4,4
4,147
4,3
4,147
4,0
4,653
4,4
4,210
4,96
4,58
4,23
4,1
4,2
4,1
4,0
4,0
4,0
4,4
4,203
4,44
4,536
4,3
4,16
4,4
4,3
4,23
4,147
4,210
4,3
4,2
4,396
4,5
4,29
4,0
4,3
4,58
4,156
4,3
4,4
4,214
4,56
4,2
4,23
4,3
4,0
4,44
4,38
4,147
4,27
4,16
4,0
4,4
4,23
4,2
4,1
4,2
4,4
4,1
4,24
4,214
4,23
4,23
4,4
4,0
4,3
4,4
4,34
4,203
4,2
4,147
4,3
4,0
4,3
4,15
4,3
4,1
4,147
4,11
4,16
4,20
4,2
4,20
4,0
4,71
4,462
4,0
4,2
4,214
4,23
4,1
4,3
4,177
4,147
4,23
4,29
4,2
4,23
4,4
4,11
4,303
4,4
4,26
4,26
4,16
4,2
4,11
4,0
4,23
4,2
4,3
4,58
4,4
4,4
4,3
4,2
4,4
4,2
4,2
4,0
4,3
4,147
4,2
4,26
4,2
4,40
4,58
4,0
4,89
4,2
4,254
4,162
4,1
4,123
4,0
4,0
4,1
4,93
4,210
4,2
4,4
4,23
4,2
4,536
4,2
4,4
4,23
4,2
4,2
4,164
4,3
4,44
4,23
4,11
4,3
4,0
4,5
4,4
4,254
4,588
4,23
4,44
4,1
4,3
4,4
4,2
4,11
4,1
4,73
4,44
4,0
4,3
4,0
4,23
4,23
4,2
4,3
4,4
4,16
4,4
4,4
4,4
4,4
4,3
4,23
4,2
4,0
4,2
4,3
4,674
4,254
4,4
4,23
4,23
4,1
4,0
4,23
4,254
4,44
4,3
4,1
4,5
4,4
4,4
4,23
4,3
4,254
4,44
4,22
4,209
4,2
4,2
4,2
4,4
4,3
4,11
4,210
4,23
4,0
4,0
4,254
4,58
4,4
4,0
4,1
4,26
4,16
4,4
4,11
4,85
4,26
4,4
4,0
4,0
4,2
4,2
4,44
4,2
4,4
4,4
4,58
4,3
4,0
4,210
4,23
4,536
4,3
4,4
4,1
4,0
4,3
4,89
4,2
4,23
4,0
4,1
4,2
4,4
4,0
4,293
4,40
4,2
4,23
4,2
4,0
4,0
4,29
4,2
4,4
4,4
4,44
4,210
4,11
4,11
4,4
4,16
4,143
4,58
4,3
4,4
4,555
4,676
4,254
4,23
4,3
4,2
4,147
4,0
4,4
4,26
4,85
4,0
4,0
4,2
4,2
4,396
4,50
4,4
4,4
4,44
4,44
4,187
4,147
4,3
4,2
4,536
4,293
4,362
4,0
4,11
4,617
4,23
4,3
4,23
4,16
4,93
4,4
4,564
4,3
4,362
4,0
4,23
4,2
4,4
4,254
4,0
4,1
4,23
4,1
4,23
4,147
4,2
4,23
4,147
4,1
4,2
4,562
4,0
4,23
4,285
4,4
4,2
4,254
4,679
4,4
4,23
4,0
4,84
4,2
4,3
4,58
4,153
4,254
4,4
4,0
4,23
4,0
4,13
4,254
4,23
4,214
4,3
4,23
4,4
4,3
4,23
4,0
4,210
4,2
4,16
4,3
4,23
4,4
4,147
4,2
4,3
4,681
4,23
4,11
4,4
4,250
4,1
4,16
4,23
4,362
4,2
4,23
4,3
4,58
4,44
4,2
4,293
4,2
4,1
4,2
4,4
4,4
4,4
4,4
4,16
4,2
4,23
4,0
4,23
4,0
4,254
4,0
4,29
4,26
4,4
4,4
4,4
4,23
4,203
4,4
4,3
4,0
4,44
4,4
4,4
4,4
4,0
4,3
4,1
4,4
4,4
4,631
4,29
4,2
4,29
4,58
4,23
4,2
4,0
4,23
4,23
4,16
4,3
4,2
4,2
4,4
4,0
4,147
4,0
4,2
4,22
4,4
4,3
4,29
4,2
4,3
4,16
4,0
4,2
4,362
4,2
4,147
4,4
4,1
4,4
4,11
4,23
4,4
4,11
4,3
4,29
4,3
4,58
4,2
4,0
4,16
4,3
4,4
4,44
4,2
4,3
4,4
4,26
4,106
4,23
4,2
4,3
4,0
4,23
4,16
4,0
4,23
4,58
4,210
4,0
4,203
4,3
4,254
4,44
4,23
4,254
4,4
5,163
5,261
5,1
5,21
5,5
5,3
5,4
5,51
5,16
5,0
5,186
5,71
5,4
5,71
5,3
5,1
5,11
5,11
5,48
5,1
5,11
5,29
5,2
5,1
5,23
5,16
5,50
5,1
5,289
5,2
5,3
5,3
5,11
5,1
5,3
5,1
5,23
5,16
5,1
5,24
5,5
5,1
5,2
5,185
5,0
5,186
5,44
5,50
5,51
5,40
5,1
5,13
5,2
5,3
5,13
5,280
5,3
5,29
5,624
5,51
5,2
5,11
5,23
5,3
5,3
5,0
5,16
5,3
5,471
5,2
5,50
5,0
5,102
5,693
5,2
5,0
5,20
5,1
5,6
5,16
5,0
5,2
5,71
5,3
5,40
5,25
5,1
5,3
5,16
5,696
5,1
5,3
5,339
5,5
5,1
5,23
5,73
5,2
5,2
5,73
5,51
5,16
5,13
5,186
5,2
5,3
5,2
5,5
5,16
5,0
5,1
5,3
5,1
5,289
5,13
5,73
5,29
5,4
5,23
5,0
5,16
5,2
5,182
5,3
5,11
5,1
5,16
5,4
5,700
5,13
5,29
5,11
5,0
5,0
5,0
5,4
5,44
5,163
5,3
5,13
5,0
5,2
5,1
5,363
5,44
5,29
5,506
5,2
5,16
5,1
5,163
5,186
5,1
5,319
5,1
5,0
5,16
5,11
5,2
5,1
5,29
5,167
5,22
5,5
5,1
5,0
5,2
5,1
5,700
5,2
5,50
5,50
5,2
5,3
5,11
5,3
5,0
5,23
5,40
5,16
5,16
5,3
5,16
5,154
5,23
5,29
5,280
5,4
5,3
5,11
5,29
5,3
5,23
5,1
5,707
5,71
5,1
5,2
5,23
5,11
5,22
5,289
5,96
5,11
5,23
5,16
5,13
5,3
5,22
5,40
5,143
5,284
5,2
5,11
5,71
5,1
5,3
5,16
5,22
5,1
5,3
5,2
5,2
5,2
5,3
5,2
5,1
5,0
5,13
5,29
5,4
5,50
5,4
5,106
5,96
5,3
5,5
5,16
5,0
5,2
5,1
5,0
5,29
5,23
5,712
5,23
5,16
5,713
5,50
5,1
5,3
5,11
5,0
5,11
5,3
5,16
5,2
5,11
5,1
5,44
5,0
5,51
5,2
5,2
5,715
5,16
5,2
5,3
5,2
5,16
5,1
5,51
5,16
5,1
5,163
5,73
5,2
5,167
5,0
5,3
5,47
5,70
5,16
5,16
5,3
5,3
5,0
5,1
5,11
5,4
5,2
5,23
5,1
5,96
5,96
5,50
5,0
5,2
5,1
5,1
5,29
5,134
5,29
5,121
5,1
5,3
5,2
5,29
5,16
5,13
5,96
5,186
5,11
5,1
5,11
5,2
5,23
5,29
5,11
5,3
5,1
5,1
5,3
5,11
5,162
5,102
5,51
5,210
5,11
5,16
5,13
5,51
5,11
5,2
5,4
5,62
5,16
5,29
5,120
5,4
5,0
5,70
5,0
5,2
5,256
5,29
5,0
5,11
5,0
5,106
5,4
5,3
5,1
5,264
5,1
5,11
5,153
5,1
5,11
5,50
5,16
5,51
5,13
5,11
5,723
5,65
5,2
5,700
5,23
5,51
5,50
5,13
5,264
5,3
5,2
5,97
5,1
5,723
5,13
5,2
5,11
5,2
5,11
5,41
5,51
5,11
5,4
5,1
5,1
5,16
5,51
5,1
5,13
5,51
5,1
5,106
5,1
5,57
5,1
5,11
5,4
5,3
5,23
5,3
5,2
5,219
5,5
5,3
5,186
5,1
5,16
5,2
5,729
5,11
5,112
5,16
5,44
5,11
5,11
5,96
5,724
5,724
5,163
5,3
5,11
5,22
5,4
5,186
5,11
5,16
5,3
5,3
5,731
5,16
5,0
5,11
5,47
5,11
5,70
5,16
5,47
5,50
5,2
5,1
5,4
5,29
5,2
5,16
5,104
5,280
5,3
5,3
5,29
5,73
5,50
5,50
5,210
5,167
5,0
5,23
5,16
5,96
5,29
5,3
5,3
5,1
5,5
5,16
5,48
5,5
5,1
5,16
5,0
5,51
5,102
5,1
5,96
5,13
5,2
5,11
5,2
5,5
5,51
5,261
5,50
5,29
5,1
5,2
5,16
5,71
5,2
5,1
5,186
5,1
5,29
5,4
5,134
5,11
5,0
5,184
5,102
5,2
5,264
5,2
5,71
5,1
5,44
5,1
5,11
5,13
5,11
5,16
5,3
5,3
5,3
5,16
5,70
5,3
5,0
5,1
5,48
5,29
5,50
5,29
5,16
5,3
5,3
5,3
5,186
5,23
5,0
5,102
5,2
5,51
5,5
5,96
5,1
5,4
5,71
5,4
5,73
5,29
5,0
5,700
5,102
5,44
5,0
5,11
5,3
5,11
5,16
5,185
5,7
5,2
5,0
5,2
5,0
5,5
5,700
5,51
5,4
5,0
5,1
5,70
5,5
5,51
5,3
5,70
5,2
5,11
5,744
5,481
5,32
5,13
5,1
5,3
5,70
5,23
5,11
5,16
5,745
5,97
5,11
5,23
5,22
5,0
5,3
5,3
5,50
5,1
5,11
5,13
5,29
5,23
5,16
5,162
5,16
5,3
5,23
5,746
5,16
5,3
5,71
5,3
5,71
5,1
5,11
5,1
5,16
5,102
5,50
5,0
5,51
5,50
5,23
5,2
5,71
5,51
5,1
5,56
5,0
5,16
5,96
5,0
5,11
5,0
5,0
5,11
5,0
5,16
5,1
5,11
5,50
5,22
5,16
5,3
5,134
5,2
5,84
5,51
5,23
5,0
5,20
5,151
5,16
5,70
5,16
5,1
5,11
5,3
5,16
5,4
5,11
5,4
5,721
5,11
5,16
5,2
5,2
5,97
5,51
5,4
5,1
5,40
5,73
5,0
5,102
5,11
5,2
5,3
5,71
5,3
5,1
5,751
5,16
5,58
5,13
5,3
5,4
5,280
5,23
5,0
5,96
5,2
5,198
5,1
5,4
5,2
5,4
5,2
5,3
5,16
5,1
5,2
5,96
5,23
5,752
5,29
5,3
5,1
5,16
5,2
5,11
5,0
5,3
5,1
5,1
5,1
5,3
5,4
5,1
5,71
5,16
5,5
5,16
5,1
5,26
5,29
5,11
5,4
5,50
5,22
5,3
5,4
5,47
5,16
5,71
5,0
5,2
5,16
5,58
5,3
5,5
5,16
5,0
5,2
5,16
5,11
5,16
5,303
5,11
5,97
5,3
5,23
5,373
5,23
5,280
5,0
5,29
5,16
5,96
5,2
5,217
5,0
5,11
5,96
5,2
5,23
5,2
5,102
5,11
5,3
5,96
5,16
5,2
5,724
5,16
5,3
5,3
5,1
5,3
5,16
5,11
5,47
5,2
5,589
5,758
5,4
5,4
5,16
5,23
5,1
5,71
5,1
5,2
5,3
5,3
5,185
5,21
5,2
5,2
5,20
5,71
5,198
5,3
5,759
5,1
5,3
5,0
5,1
5,3
5,0
5,3
5,16
5,714
5,16
5,2
5,3
5,23
5,4
5,50
5,0
5,11
5,97
5,16
5,1
5,29
5,2
5,163
5,1
5,0
5,16
5,16
5,3
5,102
5,1
5,11
5,280
5,264
5,167
5,0
5,1
5,11
5,23
5,48
5,0
5,1
5,23
5,40
5,4
5,16
5,16
5,13
5,185
5,16
5,13
5,11
5,16
5,761
5,11
5,3
5,16
5,16
5,185
5,51
5,0
5,1
5,29
5,4
5,2
5,50
5,71
5,1
5,23
5,0
5,363
5,0
5,156
5,11
5,4
5,6
5,22
5,186
5,294
5,48
5,2
5,16
5,4
5,16
5,44
5,1
5,16
5,163
5,3
5,51
5,11
5,1
5,1
5,50
5,40
5,153
5,50
5,20
5,1
5,11
5,16
5,11
5,2
5,134
5,71
5,3
5,0
5,4
5,3
5,16
5,29
5,143
5,167
5,0
5,23
5,2
5,44
5,0
5,16
5,44
5,96
5,1
5,73
5,3
5,0
5,3
5,13
5,1
5,96
5,709
5,2
5,102
5,0
5,5
5,1
5,163
5,0
5,128
5,0
5,50
5,11
5,11
5,11
5,51
5,1
5,48
5,96
5,3
5,2
5,264
5,1
5,11
5,0
5,16
5,96
5,1
5,11
5,29
5,11
5,96
5,13
5,71
5,258
5,11
5,96
5,0
5,40
5,4
5,5
5,0
5,4
5,4
5,23
5,1
5,11
5,16
5,3
5,0
5,0
5,16
5,186
5,2
5,1
5,16
5,143
5,29
5,0
5,50
5,0
5,11
5,2
5,29
5,51
5,163
5,0
5,3
5,1
5,73
5,0
6,43
6,40
6,3
6,3
6,2
6,0
6,23
6,164
6,16
6,16
6,23
6,3
6,1
6,2
6,496
6,251
6,1
6,777
6,3
6,126
6,0
6,2
6,23
6,23
6,3
6,126
6,23
6,2
6,40
6,20
6,23
6,1
6,23
6,0
6,23
6,4
6,2
6,250
6,16
6,1
6,0
6,779
6,2
6,0
6,0
6,23
6,3
6,11
6,0
6,196
6,16
6,0
6,10
6,16
6,0
6,4
6,0
6,250
6,16
6,3
6,22
6,22
6,16
6,23
6,5
6,0
6,2
6,43
6,23
6,29
6,16
6,3
6,2
6,3
6,2
6,1
6,5
6,2
6,3
6,11
6,2
6,16
6,3
6,2
6,16
6,196
6,4
6,23
6,23
6,1
6,126
6,11
6,24
6,3
6,552
6,2
6,23
6,16
6,0
6,16
6,57
6,40
6,26
6,1
6,23
6,0
6,40
6,3
6,3
6,4
6,43
6,0
6,3
6,13
6,783
6,0
6,126
6,16
6,3
6,10
6,2
6,156
6,44
6,23
6,4
6,47
6,0
6,16
6,4
6,23
6,40
6,23
6,47
6,126
6,1
6,3
6,23
6,0
6,2
6,23
6,2
6,1
6,2
6,2
6,23
6,1
6,471
6,785
6,2
6,16
6,0
6,4
6,23
6,16
6,23
6,1
6,16
6,23
6,57
6,16
6,3
6,2
6,4
6,2
6,196
6,1
6,49
6,289
6,29
6,0
6,23
6,23
6,20
6,1
6,40
6,52
6,23
6,1
6,23
6,2
6,2
6,0
6,196
6,4
6,155
6,16
6,3
6,4
6,210
6,3
6,4
6,16
6,1
6,4
6,16
6,1
6,71
6,40
6,3
6,23
6,1
6,2
6,23
6,143
6,2
6,0
6,1
6,213
6,0
6,1
6,0
6,2
6,1
6,1
6,787
6,3
6,3
6,11
6,2
6,4
6,4
6,31
6,2
6,23
6,4
6,23
6,79
6,16
6,156
6,4
6,4
6,0
6,3
6,23
6,29
6,0
6,11
6,3
6,0
6,11
6,3
6,4
6,5
6,23
6,89
6,1
6,3
6,23
6,5
6,16
6,2
6,23
6,2
6,23
6,22
6,2
6,50
6,23
6,2
6,11
6,0
6,0
6,196
6,4
6,143
6,1
6,4
6,44
6,16
6,4
6,3
6,3
6,16
6,16
6,23
6,1
6,5
6,23
6,23
6,44
6,26
6,3
6,0
6,11
6,10
6,16
6,38
6,4
6,2
6,15
6,20
6,16
6,16
6,1
6,23
6,3
6,89
6,23
6,0
6,4
6,2
6,57
6,196
6,3
6,4
6,0
6,154
6,1
6,0
6,23
6,26
6,57
6,4
6,4
6,44
6,20
6,40
6,16
6,23
6,29
6,2
6,29
6,2
6,2
6,11
6,23
6,121
6,1
6,143
6,16
6,196
6,1
6,196
6,62
6,11
6,26
6,11
6,32
6,11
6,126
6,0
6,3
6,1
6,11
6,1
6,16
6,4
6,3
6,0
6,16
6,57
6,29
6,40
6,23
6,2
6,23
6,23
6,1
6,23
6,4
6,128
6,3
6,4
6,1
6,1
6,1
6,797
6,0
6,3
6,143
6,362
6,4
6,11
6,23
6,5
6,3
6,3
6,3
6,141
6,126
6,799
6,3
6,16
6,4
6,3
6,3
6,2
6,16
6,16
6,0
6,16
6,2
6,2
6,23
6,0
6,2
6,79
6,143
6,2
6,16
6,120
6,10
6,11
6,26
6,44
6,52
6,126
6,23
6,2
6,2
6,254
6,1
6,1
6,5
6,126
6,4
6,153
6,10
6,23
6,4
6,3
6,0
6,16
6,3
6,16
6,145
6,3
6,16
6,3
6,3
6,4
6,23
6,2
6,23
6,23
6,23
6,4
6,3
6,3
6,16
6,11
6,5
6,1
6,2
6,23
6,783
6,2
6,2
6,11
6,2
6,4
6,3
6,29
6,29
6,0
6,1
6,3
6,0
6,57
6,44
6,41
6,2
6,23
6,4
6,16
6,16
6,57
6,11
6,47
6,2
6,44
6,71
6,196
6,143
6,1
6,4
6,2
6,16
6,23
6,3
6,4
6,10
6,4
6,23
6,131
6,16
6,262
6,119
6,4
6,2
6,0
6,23
6,58
6,26
6,10
6,4
6,4
6,4
6,1
6,3
6,2
6,0
6,4
6,128
6,23
6,16
6,23
6,1
6,4
6,23
6,16
6,0
6,0
6,3
6,23
6,1
6,16
6,0
6,2
6,2
6,807
6,3
6,1
6,289
6,2
6,16
6,5
6,3
6,16
6,156
6,2
6,2
6,58
6,0
6,23
6,0
6,2
6,3
6,16
6,2
6,196
6,0
6,16
6,71
6,16
6,0
6,3
6,1
6,11
6,0
6,156
6,2
6,11
6,0
6,4
6,16
6,153
6,2
6,2
6,213
6,23
6,16
6,23
6,20
6,11
6,23
6,40
6,3
6,16
6,44
6,143
6,16
6,2
6,2
6,3
6,4
6,44
6,23
6,143
6,3
6,0
6,3
6,811
6,47
6,2
6,156
6,16
6,52
6,10
6,16
6,4
6,0
6,3
6,23
6,0
6,0
6,4
6,0
6,1
6,52
6,1
6,2
6,16
6,16
6,3
6,4
6,22
6,2
6,44
6,16
6,126
6,0
6,1
6,16
6,0
6,2
6,0
6,49
6,44
6,143
6,1
6,26
6,1
6,22
6,4
6,4
6,289
6,11
6,4
6,4
6,22
6,4
6,23
6,1
6,3
6,16
6,143
6,4
6,3
6,29
6,3
6,23
6,0
6,3
6,29
6,117
6,1
6,23
6,1
6,2
6,23
6,20
6,156
6,0
6,0
6,16
6,4
6,4
6,0
6,3
6,3
6,20
6,231
6,23
6,1
6,196
6,23
6,143
6,23
6,1
6,5
6,10
6,3
6,1
6,16
6,20
6,16
6,781
6,20
6,20
6,11
6,16
6,23
6,21
6,143
6,57
6,11
6,4
6,23
6,20
6,1
6,2
6,20
6,1
6,818
6,4
6,4
6,196
6,0
6,16
6,5
6,20
6,1
6,43
6,2
6,3
6,16
6,196
6,4
6,5
6,1
6,10
6,4
6,2
6,143
6,20
6,23
6,1
6,156
6,0
6,2
6,3
6,5
6,1
6,5
6,2
6,16
6,3
6,1
6,20
6,0
6,23
6,601
6,1
6,4
6,23
6,156
6,29
6,4
6,3
6,267
6,23
6,1
6,23
6,84
6,2
6,23
6,3
6,23
6,196
6,1
6,2
6,16
6,65
6,23
6,147
6,11
6,16
6,4
6,16
6,0
6,20
6,16
6,0
6,23
6,23
6,23
6,2
6,0
6,126
6,0
6,11
6,23
6,57
6,22
6,95
6,16
6,210
6,3
6,23
6,2
6,23
6,23
6,16
6,1
6,0
6,57
6,196
6,2
6,23
6,52
6,4
6,16
6,156
6,21
6,23
6,23
6,4
6,2
6,16
6,2
6,4
6,0
6,4
6,3
6,156
6,647
6,16
6,49
6,1
6,40
6,2
6,57
6,196
6,0
6,0
6,0
6,0
6,126
6,40
6,2
6,0
6,11
6,2
6,2
6,0
6,2
6,20
6,4
6,2
6,20
6,20
6,23
6,23
6,1
6,0
6,3
6,29
6,71
6,23
6,29
6,0
6,16
6,196
6,2
6,2
6,5
6,26
6,2
6,2
6,3
6,23
6,156
6,3
6,3
6,0
6,23
6,23
6,23
6,16
6,16
6,3
6,0
6,0
6,16
6,2
6,3
6,823
6,156
6,3
6,20
6,20
6,29
6,404
6,47
6,3
6,16
6,4
6,29
6,11
6,16
6,16
6,23
6,75
6,126
6,23
6,4
6,4
6,22
6,1
6,3
6,3
6,1
6,1
6,0
6,29
6,22
6,0
6,23
6,16
6,0
6,16
6,293
6,23
6,3
6,4
6,490
6,143
6,23
6,4
6,16
6,164
6,3
6,16
6,4
6,89
6,4
6,23
6,3
6,2
6,23
6,4
6,1
6,2
6,2
6,1
6,23
6,4
6,196
6,0
6,16
6,1
6,0
6,1
6,3
6,7
6,16
6,1
6,831
6,0
6,26
6,10
6,280
6,10
6,38
6,50
6,0
6,2
6,3
6,5
6,10
6,57
6,3
6,143
6,187
6,2
6,11
6,2
6,4
6,3
6,143
6,16
6,0
6,833
6,16
6,23
6,396
6,73
6,20
6,22
6,3
6,23
6,3
6,2
6,2
6,20
6,11
6,1
6,10
6,4
6,4
6,23
6,3
6,11
6,23
6,4
6,20
6,4
6,57
6,16
6,2
6,1
6,26
6,1
6,52
6,1
6,20
6,20
6,43
6,4
6,196
6,3
6,16
6,0
6,2
6,210
6,3
6,2
6,147
6,3
6,16
6,156
6,4
6,156
6,156
6,1
6,196
6,143
6,11
6,4
6,20
6,2
6,3
6,0
6,16
6,0
6,11
6,0
6,7
6,23
6,16
6,4
6,29
6,3
6,4
6,26
6,23
6,6
6,1
6,2
6,16
6,3
6,23
6,16
6,23
6,29
6,16
6,807
6,2
6,1
6,29
6,7
6,2
6,23
6,2
6,16
6,23
6,2
6,5
6,2
6,44
6,29
6,196
6,2
6,20
6,2
6,0
6,29
6,601
6,262
6,213
6,2
6,47
6,126
6,4
6,23
6,23
6,1
6,44
6,196
6,52
6,2
6,22
6,126
6,73
6,2
6,1
6,2
6,1
6,5
6,2
6,16
6,143
6,1
6,3
6,4
6,10
6,4
6,3
6,3
6,23
6,23
6,29
6,16
6,2
6,106
6,1
6,4
6,4
6,2
6,23
6,16
6,2
6,1
6,5
6,0
6,3
6,16
6,302
6,4
6,16
6,23
6,0
6,1
6,3
6,11
6,16
6,1
6,2
6,2
6,5
6,4
6,26
6,2
6,10
6,4
6,29
6,44
6,3
6,23
6,156
6,20
6,2
6,0
6,57
6,44
6,23
6,196
6,23
6,3
6,16
6,196
6,186
6,1
6,23
6,1
6,1
6,2
6,3
6,0
6,2
6,4
6,3
6,0
6,3
6,2
6,29
6,20
6,3
6,143
6,10
6,10
6,40
6,23
6,0
6,16
6,26
6,5
6,1
6,3
6,2
6,10
6,44
6,23
6,2
6,1
6,143
6,147
6,3
6,398
6,4
6,0
6,16
6,2
6,126
6,2
6,46
6,267
6,10
6,16
6,23
6,41
6,16
6,1
6,85
6,10
6,57
6,2
6,29
6,4
6,21
6,1
6,16
6,184
6,213
6,11
6,1
6,20
6,0
6,23
6,16
6,156
6,5
6,1
6,0
6,20
6,50
6,2
6,0
6,20
6,2
6,5
6,16
6,4
6,3
6,16
6,250
6,2
6,16
6,5
6,16
6,5
6,1
6,16
6,5
6,29
6,40
6,23
6,0
6,11
6,11
6,4
6,1
6,62
6,0
6,1
6,1
6,4
6,29
6,187
6,16
6,1
6,1
6,2
6,20
6,1
6,73
6,1
6,3
6,40
6,23
6,16
6,4
6,2
6,2
6,0
6,16
6,1
6,4
6,196
6,1
6,4
6,74
6,363
6,1
6,95
6,1
6,73
6,16
6,3
6,3
6,5
6,1
6,129
6,16
6,16
6,2
6,84
6,51
6,23
6,67
6,1
6,94
6,2
6,16
6,11
6,488
6,16
6,0
6,126
6,0
6,57
6,11
6,68
6,34
6,2
6,23
6,20
6,32
6,2
6,0
6,5
6,0
6,214
6,16
6,0
6,0
6,23
6,1
6,636
6,23
6,156
6,196
6,0
6,16
6,3
6,23
6,23
6,2
6,828
6,0
6,4
6,5
6,3
6,4
6,156
6,26
6,156
6,1
6,3
6,16
6,3
6,0
6,4
6,2
6,798
6,101
6,23
6,16
6,16
6,0
6,4
6,23
6,2
6,2
6,3
6,293
6,2
6,1
6,4
6,1
6,16
6,217
6,1
6,4
6,23
6,3
6,0
6,96
6,4
6,51
6,156
6,1
6,23
6,4
6,0
6,1
6,16
6,16
6,0
6,23
6,0
6,23
6,3
6,231
6,101
6,20
6,23
6,11
6,84
6,851
6,2
6,1
6,5
6,2
6,23
6,16
6,20
6,23
6,0
6,23
6,3
6,852
6,23
6,1
6,13
6,43
6,16
6,2
6,3
6,20
6,126
6,26
6,22
6,2
6,10
6,3
6,2
6,799
6,1
6,286
6,16
6,1
6,16
6,23
6,3
6,254
6,16
6,3
6,0
6,23
6,16
6,23
6,16
6,1
6,23
6,23
6,23
6,1
6,1
6,16
6,23
6,16
6,23
6,84
6,1
6,187
6,4
6,3
6,23
6,16
6,5
6,4
6,4
6,16
6,2
6,2
6,57
6,0
6,4
6,147
6,16
6,5
6,153
6,153
6,0
6,4
6,44
6,5
6,2
6,23
6,4
6,2
6,0
6,4
6,4
6,11
6,4
6,2
6,0
6,13
6,0
6,4
6,3
6,26
6,4
6,16
6,16
6,1
6,126
6,0
6,29
6,23
6,3
6,23
6,4
6,156
6,1
6,16
6,156
6,3
6,26
6,1
6,4
6,1
6,1
6,164
6,57
6,26
6,16
6,1
6,23
6,2
6,2
6,23
6,4
6,2
6,23
6,1
6,23
6,196
6,3
6,1
6,3
6,0
6,11
6,16
6,11
6,3
6,16
6,4
6,3
6,23
6,40
6,126
6,0
6,2
6,2
6,3
6,3
6,4
6,0
6,10
6,0
6,16
6,2
6,16
6,3
6,3
6,16
6,11
6,1
6,3
6,196
6,1
6,1
6,20
6,3
6,3
6,4
6,16
6,2
6,2
6,5
6,29
6,3
6,3
6,0
6,4
6,2
6,23
6,3
6,1
6,73
6,2
6,0
6,2
6,23
6,1
6,4
6,156
6,5
6,120
6,0
6,20
6,3
6,79
6,44
6,4
6,4
6,0
6,4
6,0
6,23
6,3
6,4
6,0
6,3
6,0
6,23
6,2
6,1
6,23
6,1
6,23
6,23
6,10
6,3
6,95
6,3
6,23
6,2
6,2
6,0
6,2
6,22
6,4
6,23
6,0
6,3
6,16
6,20
6,44
6,2
6,0
6,1
6,4
6,23
6,23
6,16
6,3
6,11
6,156
6,11
6,29
6,0
6,4
6,3
6,3
6,4
6,2
6,0
6,16
6,2
6,12
6,2
6,16
6,47
6,813
6,1
6,11
6,0
6,0
6,5
6,462
6,23
6,2
6,267
6,2
6,4
6,4
6,3
6,2
6,3
6,11
6,2
6,16
6,2
6,16
6,2
6,23
6,11
6,11
6,156
6,196
6,1
6,23
6,40
6,10
6,2
6,40
6,0
6,13
6,2
6,4
6,43
6,4
6,267
6,4
6,10
6,16
6,23
6,1
6,1
6,40
6,3
6,40
6,1
6,23
6,16
6,1
6,4
6,0
6,0
6,2
6,23
6,836
6,4
6,16
6,3
6,0
6,74
6,17
6,23
6,1
6,4
6,0
6,468
6,0
6,4
6,523
6,1
6,29
6,0
6,139
6,495
6,20
6,4
6,16
6,16
6,262
6,23
6,16
6,2
6,1
6,0
6,11
6,23
6,3
6,1
6,2
6,865
6,4
6,2
6,5
6,16
6,0
6,11
6,26
6,4
6,1
6,3
6,4
6,2
6,16
6,0
6,16
6,20
6,11
6,16
6,4
6,171
6,3
6,6
6,16
6,867
6,0
6,3
6,10
6,43
6,217
6,16
6,693
6,3
6,2
6,22
6,868
6,40
6,0
6,23
6,16
6,421
6,870
6,1
6,126
6,2
6,23
6,3
6,3
6,20
6,3
6,0
6,62
6,1
6,22
6,10
6,23
6,4
6,40
6,16
6,186
6,0
6,40
6,16
6,2
6,23
6,0
6,1
6,23
6,16
6,20
6,0
6,5
6,0
6,4
6,16
6,23
6,16
6,1
6,16
6,4
6,126
6,20
6,5
6,4
6,1
6,16
6,126
6,164
6,3
6,0
6,16
6,50
6,0
6,4
6,153
6,23
6,2
6,0
6,16
6,3
6,154
6,16
6,11
6,16
6,4
6,1
6,4
6,23
6,196
6,1
6,5
6,2
6,29
6,4
6,4
6,0
6,196
6,11
6,23
6,11
6,23
6,16
6,3
6,156
6,16
6,4
6,196
6,779
6,51
6,94
6,52
6,231
6,23
6,3
6,3
6,16
6,1
6,23
6,23
6,1
6,2
6,4
6,16
6,51
6,4
6,1
6,2
6,0
6,1
6,0
6,156
6,128
6,10
6,23
6,20
6,196
6,1
6,2
6,4
6,3
6,40
6,1
6,23
6,0
6,231
6,16
6,4
6,156
6,2
6,3
6,0
6,23
6,0
6,11
6,16
6,3
6,20
6,52
6,11
6,231
6,4
6,4
6,0
6,1
6,2
6,2
6,3
6,44
6,16
6,23
6,1
6,1
6,20
6,23
6,4
6,16
6,21
6,23
6,2
6,16
6,0
6,141
6,10
6,280
6,1
6,22
6,3
6,29
6,23
6,143
6,16
6,0
6,156
6,58
6,131
6,153
6,16
6,4
6,20
6,3
6,120
6,1
6,23
6,196
6,57
6,3
6,0
6,1
6,3
6,4
6,16
6,73
6,0
6,2
6,0
6,1
6,10
6,217
6,2
6,0
6,1
6,71
6,23
6,3
6,1
6,143
6,2
6,3
6,0
6,143
6,11
6,10
6,2
6,4
6,1
6,0
6,1
6,5
6,209
6,16
6,16
6,1
6,16
6,2
6,16
6,3
6,0
6,3
6,3
6,196
6,29
6,17
6,16
6,16
6,143
6,3
6,23
6,23
6,1
6,5
6,0
6,23
6,267
8,164
8,11
8,23
8,2
8,3
8,3
8,293
8,40
8,1
8,11
8,123
8,3
8,4
8,154
8,11
8,11
8,1
8,2
8,23
8,886
8,4
8,4
8,26
8,23
8,4
8,0
8,1
8,26
8,2
8,89
8,2
8,16
8,1
8,23
8,43
8,3
8,0
8,84
8,11
8,23
8,23
8,11
8,4
8,2
8,254
8,2
8,251
8,5
8,89
8,4
8,23
8,2
8,11
8,4
8,29
8,4
8,1
8,4
8,387
8,2
8,7
8,4
8,4
8,1
8,11
8,1
8,0
8,16
8,1
8,1
8,164
8,26
8,4
8,11
8,26
8,2
8,11
8,23
8,2
8,11
8,23
8,2
8,11
8,2
8,44
8,4
8,154
8,23
8,791
8,73
8,4
8,4
8,2
8,0
8,251
8,4
8,0
8,0
8,0
8,4
8,4
8,889
8,2
8,3
8,23
8,1
8,23
8,11
8,11
8,23
8,2
8,1
8,44
8,164
8,128
8,11
8,4
8,13
8,23
8,11
8,4
8,0
8,1
8,0
8,23
8,16
8,26
8,1
8,16
8,84
8,2
8,891
8,1
8,4
8,11
8,21
8,23
8,1
8,16
8,2
8,4
8,11
8,2
8,154
8,2
8,1
8,26
8,47
8,11
8,1
8,26
8,23
8,2
8,26
8,893
8,23
8,23
8,11
8,1
8,4
8,16
8,1
8,0
8,0
8,4
8,20
8,23
8,26
8,11
8,164
8,2
8,1
8,0
8,0
8,3
8,1
8,196
8,11
8,0
8,2
8,38
8,26
8,0
8,6
8,3
8,23
8,84
8,11
8,4
8,21
8,1
8,1
8,2
8,128
8,3
8,3
8,26
8,177
8,11
8,372
8,0
8,1
8,1
8,2
8,71
8,3
8,177
8,84
8,16
8,1
8,4
8,40
8,1
8,24
8,2
8,23
8,16
8,0
8,20
8,26
8,23
8,3
8,1
8,23
8,11
8,128
8,0
8,2
8,4
8,4
8,0
8,1
8,2
8,11
8,4
8,23
8,0
8,16
8,2
8,84
8,2
8,23
8,16
8,2
8,65
8,1
8,0
8,1
8,26
8,62
8,128
8,16
8,2
8,4
8,1
8,0
8,16
8,1
8,1
8,84
8,463
8,3
8,70
8,16
8,431
8,2
8,23
8,1
8,0
8,23
8,4
8,23
8,164
8,1
8,283
8,1
8,143
8,1
8,16
8,0
8,23
8,11
8,0
8,3
8,1
8,2
8,0
8,2
8,2
8,1
8,1
8,1
8,0
8,154
8,1
8,4
8,11
8,4
8,128
8,0
8,164
8,164
8,3
8,1
8,3
8,22
8,41
8,4
8,4
8,26
8,1
8,4
8,4
8,0
8,128
8,4
8,0
8,177
8,23
8,4
8,41
8,11
8,3
8,23
8,11
8,16
8,41
8,3
8,1
8,4
8,92
8,0
8,2
8,89
8,40
8,0
8,11
8,40
8,23
8,23
8,293
8,23
8,2
8,16
8,2
8,20
8,11
8,1
8,0
8,16
8,2
8,128
8,16
8,2
8,23
8,2
8,164
8,23
8,3
8,73
8,2
8,1
8,2
8,1
8,154
8,84
8,4
8,5
8,16
8,380
8,4
8,4
8,16
8,2
8,84
8,11
8,0
8,57
8,47
8,128
8,0
8,2
8,23
8,23
8,1
8,11
8,41
8,901
8,4
8,1
8,23
8,84
8,1
8,23
8,23
8,4
8,11
8,2
8,23
8,1
8,11
8,4
8,11
8,11
8,1
8,23
8,1
8,302
8,1
8,29
8,3
8,22
8,11
8,251
8,4
8,4
8,380
8,1
8,11
8,11
8,84
8,2
8,4
8,0
8,1
8,29
8,447
8,906
8,11
8,22
8,5
8,0
8,2
8,20
8,2
8,2
8,84
8,23
8,4
8,0
8,2
8,2
8,4
8,23
8,0
8,26
8,23
8,128
8,164
8,830
8,1
8,44
8,4
8,23
8,4
8,23
8,4
8,11
8,2
8,41
8,2
8,2
8,4
8,128
8,128
8,23
8,0
8,2
8,4
8,44
8,84
8,154
8,2
8,2
8,11
8,283
8,20
8,4
8,51
8,2
8,0
8,0
8,2
8,29
8,4
8,154
8,2
8,44
8,302
8,3
8,3
8,26
8,2
8,11
8,23
8,5
8,29
8,0
8,16
8,16
8,2
8,40
8,128
8,4
8,23
8,4
8,11
8,2
8,0
8,2
8,0
8,11
8,22
8,3
8,26
8,4
8,23
8,387
8,29
8,4
8,11
8,2
8,2
8,164
8,1
8,11
8,84
8,3
8,23
8,754
8,1
8,26
8,26
8,0
8,4
8,2
8,1
8,0
8,0
8,84
8,2
8,4
8,16
8,84
8,22
8,23
8,84
8,164
8,3
8,164
8,19
8,1
8,11
8,29
8,2
8,2
8,915
8,0
8,4
8,1
8,0
8,0
8,23
8,93
8,4
8,84
8,84
8,26
8,1
8,11
8,11
8,128
8,11
8,26
8,1
8,11
8,4
8,11
8,901
8,259
8,84
8,44
8,2
8,1
8,0
8,23
8,40
8,164
8,2
8,892
8,11
8,23
8,26
8,2
8,23
8,2
8,2
8,0
8,23
8,44
8,265
8,0
8,0
8,16
8,0
8,1
8,11
8,4
8,22
8,1
8,23
8,89
8,26
8,4
8,4
8,901
8,10
8,2
8,4
8,16
8,11
8,11
8,4
8,2
8,4
8,11
8,58
8,11
8,4
8,5
8,57
8,4
8,26
8,11
8,2
8,362
8,0
8,11
8,1
8,1
8,4
8,22
8,20
8,0
8,11
8,22
8,2
8,23
8,16
8,23
8,23
8,128
8,11
8,1
8,29
8,128
8,11
8,32
8,74
8,2
8,16
8,4
8,1
8,0
8,1
8,1
8,3
8,23
8,26
8,23
8,89
8,11
8,106
8,488
8,1
8,11
8,0
8,11
8,11
8,16
8,23
8,2
8,26
8,0
8,154
8,11
8,0
8,11
8,2
8,74
8,11
8,11
8,0
8,2
8,92
8,2
8,2
8,2
8,2
8,84
8,4
8,16
8,2
8,3
8,4
8,0
8,2
8,2
8,16
8,4
8,23
8,26
8,1
8,2
8,0
8,4
8,4
8,0
8,1
8,23
8,77
8,4
8,287
8,11
8,0
8,4
8,4
8,1
8,23
8,11
8,93
8,0
8,41
8,23
8,23
8,2
8,1
8,923
8,11
8,11
8,4
8,11
8,11
8,3
8,84
8,5
8,128
8,11
8,4
8,44
8,11
8,2
8,32
8,2
8,94
8,11
8,84
8,40
8,26
8,2
8,251
8,4
8,11
8,3
8,89
8,5
8,1
8,16
8,164
8,1
8,2
8,4
8,4
8,1
8,3
8,924
8,89
8,11
8,1
8,23
8,1
8,2
8,16
8,20
8,0
8,99
8,23
8,2
8,26
8,23
8,16
8,23
8,463
8,26
8,128
8,128
8,89
8,11
8,251
8,1
8,1
8,11
8,2
8,1
8,0
8,11
8,1
8,23
8,89
8,89
8,52
8,13
8,11
8,2
8,16
8,4
8,1
8,23
8,11
8,0
8,1
8,3
8,1
8,3
8,2
8,23
8,23
8,41
8,251
8,1
8,94
8,1
8,2
8,1
8,2
8,4
8,10
8,3
8,2
8,4
8,23
8,89
8,154
8,2
8,11
8,0
8,92
8,23
8,2
8,23
8,3
8,11
8,4
8,1
8,3
8,23
8,1
8,26
8,84
8,0
8,4
8,4
8,259
8,0
8,3
8,4
8,4
8,2
8,1
8,2
8,3
8,41
8,1
8,73
8,2
8,1
8,0
8,4
8,3
8,2
8,0
8,4
8,4
8,23
8,2
8,1
8,0
8,0
8,23
8,11
8,928
8,161
8,89
8,2
8,41
8,2
8,2
8,488
8,11
8,26
8,11
8,23
8,62
8,26
8,271
8,40
8,4
8,227
8,26
8,2
8,2
8,1
8,4
8,44
8,11
8,0
8,4
8,2
8,2
8,11
8,2
8,2
8,2
8,1
8,0
8,40
8,4
8,84
8,89
8,84
8,1
8,154
8,3
8,23
8,20
8,1
8,23
8,4
8,0
8,2
8,2
8,0
8,11
8,4
8,40
8,1
8,4
8,2
8,0
8,2
8,3
8,23
8,1
8,23
8,23
8,3
8,265
8,20
8,2
8,0
8,0
8,2
8,283
8,1
8,128
8,0
8,1
8,89
8,295
8,1
8,2
8,1
8,3
8,315
8,89
8,934
8,22
8,4
8,1
8,1
8,23
8,26
8,128
8,11
8,1
8,1
8,58
8,3
8,2
8,4
8,307
8,40
8,585
8,154
8,2
8,164
8,0
8,4
8,4
8,11
8,2
8,2
8,44
8,0
8,5
8,4
8,936
8,11
8,128
8,23
8,4
8,937
8,4
8,164
8,0
8,2
8,84
8,16
8,1
8,84
8,89
8,16
8,0
8,0
8,24
8,11
8,1
8,0
8,4
8,26
8,23
8,339
8,4
8,11
8,26
8,4
8,4
8,11
8,26
8,231
8,4
8,1
8,398
8,1
8,1
8,0
8,4
8,2
8,0
8,23
8,3
8,23
8,23
8,126
8,3
8,4
8,0
8,2
8,0
8,89
8,247
8,23
8,4
8,4
8,1
8,1
8,2
8,23
8,0
8,23
8,23
8,0
8,3
8,2
8,11
8,4
8,0
8,903
8,0
8,3
8,4
8,0
8,11
8,4
8,11
8,307
8,2
8,1
8,3
8,26
8,1
8,1
8,1
8,2
8,4
8,23
8,1
8,1
8,1
8,488
8,0
8,154
8,11
8,23
8,2
8,16
8,0
8,1
8,4
8,26
8,23
8,4
8,0
8,89
8,11
8,2
8,128
8,0
8,2
8,251
8,11
8,3
8,23
8,4
8,1
8,11
8,11
8,4
8,40
8,1
8,1
8,128
8,4
8,0
8,23
8,2
8,11
8,26
8,84
8,259
8,84
8,0
8,3
8,23
8,23
8,23
8,4
8,0
8,20
8,58
8,11
8,0
8,2
8,4
8,23
8,23
8,11
8,4
8,0
8,23
8,1
8,11
8,2
8,0
8,3
8,44
8,4
8,0
8,23
8,11
8,2
8,1
8,26
8,23
8,23
8,4
8,23
8,177
8,287
8,4
8,0
8,1
8,23
8,84
8,23
8,23
8,259
8,11
8,4
8,23
8,4
8,1
8,259
8,11
8,0
8,4
8,23
8,4
8,3
8,40
8,1
8,11
8,2
8,4
8,2
8,2
8,2
8,0
8,3
8,3
8,0
8,23
8,1
8,23
8,3
8,3
8,84
8,41
8,164
8,943
8,1
8,22
8,4
8,4
8,1
8,2
8,2
8,2
8,1
8,40
8,11
8,26
8,0
8,251
8,2
8,1
8,154
8,89
8,2
8,164
8,2
8,1
8,16
8,790
8,4
8,3
8,1
8,2
8,16
8,4
8,40
8,1
8,0
8,2
8,4
8,23
8,26
8,23
8,4
8,84
8,11
8,0
8,2
8,11
8,16
8,23
8,287
8,128
8,2
8,0
8,128
8,4
8,2
8,7
8,11
8,11
8,302
8,44
8,23
8,11
8,23
8,57
8,44
8,4
8,16
8,4
8,16
8,4
8,464
8,3
8,4
8,1
8,23
8,1
8,154
8,16
8,128
8,23
8,128
8,23
8,4
8,2
8,2
8,11
8,11
8,4
8,84
8,23
8,16
8,0
8,92
8,84
8,901
8,2
8,949
8,4
8,2
8,26
8,950
8,11
8,11
8,23
8,360
8,0
8,609
8,23
8,1
8,16
8,2
8,2
8,20
8,84
8,2
8,164
8,23
8,3
8,0
8,11
8,46
8,2
8,4
8,16
8,4
8,3
8,1
8,2
8,2
8,0
8,16
8,0
8,26
8,4
8,0
8,11
8,68
8,22
8,4
8,11
8,23
8,23
8,89
8,23
8,23
8,2
8,4
8,0
8,23
8,2
8,0
8,1
8,0
8,84
8,128
8,22
8,0
8,11
8,3
8,11
8,2
8,2
8,1
8,488
8,11
8,5
8,2
8,2
8,0
8,106
8,3
8,0
8,26
8,23
8,128
8,1
8,128
8,2
8,11
8,3
8,23
8,431
8,26
8,1
8,1
8,0
8,0
8,2
8,203
8,4
8,1
8,0
8,1
8,16
8,44
8,11
8,196
8,0
8,2
8,4
8,2
8,4
8,2
8,2
8,0
8,23
8,11
8,16
8,23
8,0
8,4
8,23
8,3
8,2
8,4
8,2
8,2
8,283
8,11
8,23
8,4
8,0
8,23
8,89
8,11
8,2
8,11
8,0
8,26
8,16
8,4
8,26
8,449
8,11
8,4
8,1
8,192
8,164
8,0
8,2
8,11
8,23
8,23
8,11
8,2
8,40
8,23
8,0
8,4
8,3
8,251
8,20
8,11
8,22
8,1
8,4
8,3
8,154
8,23
8,89
8,11
8,0
8,23
8,121
8,154
8,154
8,84
8,4
8,16
8,0
8,1
8,0
8,360
8,164
8,4
8,23
8,23
8,89
8,4
8,293
8,1
8,4
8,11
8,4
8,92
8,23
8,40
8,0
8,1
8,23
8,4
8,11
8,11
8,4
8,11
8,58
8,2
8,2
8,2
8,0
8,4
8,706
8,164
8,23
8,0
8,0
8,4
8,16
8,164
8,26
8,2
8,196
8,4
8,126
8,0
8,23
8,23
8,1
8,11
8,26
8,1
8,2
8,11
8,0
8,11
8,0
8,11
8,2
8,89
8,11
8,0
8,360
8,3
8,251
8,17
8,11
8,2
8,319
8,128
8,4
8,251
8,2
8,40
8,89
8,186
8,43
8,1
8,16
8,2
8,1
8,4
8,4
8,4
8,40
8,4
8,26
8,4
8,4
8,128
8,1
8,4
8,11
8,84
8,2
8,93
8,360
8,11
8,11
8,29
8,2
8,289
8,147
8,164
8,1
8,0
8,1
8,11
8,1
8,101
8,20
8,0
8,11
8,2
8,0
8,488
8,2
8,147
8,1
8,16
8,3
8,0
8,2
8,11
8,4
8,128
8,1
8,16
8,89
8,43
8,11
8,1
8,44
8,4
8,0
8,22
8,251
8,40
8,2
8,1
8,47
8,23
8,2
8,1
8,68
8,0
8,16
8,2
8,0
8,16
8,11
8,23
8,0
8,22
8,20
8,2
8,164
8,31
8,231
8,4
8,0
8,154
8,1
8,5
8,22
8,11
8,89
8,2
8,11
8,2
8,43
8,372
8,1
8,1
8,11
8,40
8,96
8,4
8,2
8,23
8,23
8,0
8,29
8,4
8,0
8,11
8,3
8,16
8,89
8,164
8,1
8,1
8,3
8,40
8,58
8,963
8,2
8,11
8,84
8,89
8,1
8,40
8,23
8,4
8,23
8,23
8,11
8,0
8,0
8,0
8,23
8,1
8,1
8,11
8,89
8,4
8,2
8,11
8,4
8,128
8,4
8,23
8,4
8,0
8,1
8,94
8,1
8,16
8,329
8,2
8,26
8,23
8,2
8,4
8,203
8,84
8,26
8,23
8,0
8,3
8,1
8,965
8,23
8,89
8,13
8,68
8,26
8,966
8,89
8,16
8,1
8,0
8,58
8,128
8,1
8,3
8,92
8,26
8,0
8,0
8,26
8,0
8,26
8,700
8,20
8,11
8,0
8,3
8,2
8,1
8,23
8,84
8,23
8,682
8,20
8,23
8,128
8,154
8,11
8,154
8,2
8,2
8,11
8,1
8,11
8,0
8,0
8,71
8,1
8,154
8,2
8,4
8,11
8,4
8,163
8,4
8,0
8,0
8,4
8,2
8,20
8,1
8,0
8,0
8,23
8,44
8,11
8,47
8,0
8,23
8,1
8,2
8,57
8,11
8,3
8,4
8,47
8,0
8,4
8,2
8,84
8,57
8,23
8,177
8,2
8,22
8,3
8,2
8,387
8,11
8,23
8,84
8,11
8,26
8,1
8,1
8,0
8,0
8,830
8,26
8,11
8,89
8,3
8,11
8,2
8,2
8,2
8,84
8,26
8,11
8,4
8,128
8,0
8,4
8,3
8,5
8,1
8,1
8,4
8,16
8,11
8,4
8,11
8,2
8,23
8,26
8,40
8,0
8,0
8,16
8,4
8,196
8,1
8,11
8,22
8,4
8,164
8,11
8,23
8,4
8,128
8,26
8,11
8,1
8,2
8,20
8,2
8,161
8,4
8,0
8,11
8,1
8,0
8,11
8,2
8,23
8,1
8,44
8,0
8,84
8,26
8,4
8,322
8,1
8,16
8,23
8,23
8,5
8,0
8,0
8,11
8,0
8,1
8,164
8,2
8,62
8,84
8,44
8,26
8,468
8,26
8,2
8,16
8,3
8,23
8,4
8,1
8,0
8,0
8,23
8,26
8,1
8,85
8,11
8,4
8,1
8,0
8,2
8,2
8,4
8,4
8,23
8,23
8,5
8,4
8,4
8,1
8,2
8,89
8,4
8,23
8,16
8,44
8,1
8,3
8,2
8,1
8,23
8,0
8,11
8,26
8,1
8,23
8,2
8,2
8,11
8,93
8,0
8,26
8,4
8,44
8,16
8,11
8,387
8,4
8,40
8,128
8,0
8,508
8,23
8,11
8,23
8,1
8,4
8,4
8,1
8,92
8,3
8,0
8,5
8,2
8,3
8,23
8,11
8,89
8,1
8,89
8,128
8,4
8,0
8,40
8,0
8,22
8,23
8,2
8,4
8,0
8,16
8,4
8,0
8,4
8,11
8,23
8,23
8,23
8,2
8,4
8,4
8,0
8,251
8,89
8,74
8,23
8,2
8,0
8,16
8,164
8,2
8,3
8,2
8,4
8,154
8,4
8,92
8,2
8,1
8,3
8,26
8,11
8,911
8,11
8,431
8,4
8,4
8,2
8,2
8,11
8,57
8,11
8,1
8,0
8,0
8,11
8,23
8,4
8,164
8,1
8,2
8,3
8,0
8,2
8,4
8,1
8,147
8,23
8,34
8,11
8,0
8,128
8,2
8,11
8,11
8,1
8,20
8,0
8,1
8,4
8,93
8,4
8,4
8,0
8,22
8,0
8,1
8,2
8,23
8,283
8,888
8,164
8,23
8,2
8,11
8,16
8,23
8,387
8,11
8,26
8,4
8,4
8,23
8,16
8,23
8,89
8,0
8,3
8,2
8,89
8,4
8,84
8,2
8,1
8,4
8,4
8,283
8,4
8,1
8,4
8,23
8,0
8,4
8,0
8,2
8,3
8,22
8,26
8,2
8,1
8,2
8,1
8,4
8,23
8,16
8,380
8,1
8,0
8,128
8,26
8,1
8,0
8,265
8,1
8,1
8,11
8,1
8,11
8,23
8,0
8,3
8,2
8,1
8,153
8,89
8,1
8,26
8,84
8,164
8,2
8,4
8,1
8,23
8,0
8,84
8,285
8,2
8,11
8,1
8,2
8,302
8,23
8,3
8,0
8,3
8,1
8,16
8,5
8,4
8,0
8,23
8,92
8,23
8,11
8,900
8,0
8,23
8,2
8,2
8,0
8,4
8,438
8,1
8,1
8,20
8,23
8,265
8,0
8,23
8,2
8,2
8,4
8,1
8,11
8,1
8,3
8,16
8,2
8,0
8,23
8,23
8,11
8,3
8,0
8,89
8,2
8,0
8,23
8,0
8,89
8,11
8,1
8,154
8,23
8,0
8,283
8,0
8,0
8,2
8,254
8,84
8,1
8,26
8,1
8,29
8,405
8,0
8,16
8,1
8,23
8,0
8,1
8,11
8,0
8,23
8,2
8,1
8,1
8,3
8,2
8,0
8,0
8,16
8,16
8,1
8,923
8,251
8,23
8,16
8,128
8,89
8,4
8,23
8,40
8,4
8,11
8,11
8,0
8,4
8,2
8,23
8,11
8,2
8,154
8,1
8,154
8,40
8,1
8,4
8,1
8,1
8,23
8,4
8,84
8,26
8,2
8,0
8,2
8,29
8,4
8,3
8,23
8,1
8,0
8,26
8,1
8,0
8,2
8,23
8,16
8,1
8,0
8,1
8,23
8,1
8,23
8,4
8,283
8,4
8,1
8,2
8,164
8,251
8,16
8,89
8,0
8,73
8,4
8,164
8,3
8,1
8,23
8,11
8,11
8,108
8,4
8,26
8,0
8,3
8,5
8,128
8,566
8,1
8,3
8,4
8,0
8,3
8,11
8,44
8,26
8,0
8,23
8,29
8,1
8,154
8,888
8,2
8,11
8,154
8,4
8,1
8,11
8,84
8,2
8,16
8,0
8,4
8,2
8,164
8,154
8,0
8,23
8,4
8,431
8,23
8,84
8,23
8,982
8,1
8,431
8,23
8,4
8,89
8,23
8,154
8,11
8,4
8,23
8,11
8,1
8,1
8,29
8,4
8,89
8,983
8,0
8,26
8,26
8,2
8,287
8,23
8,4
8,26
8,0
8,4
8,4
8,2
8,1
8,923
8,1
8,3
8,16
8,1
8,251
8,4
8,0
8,0
8,1
8,4
8,93
8,154
8,121
8,4
8,1
8,3
8,11
8,0
8,23
8,11
8,23
8,23
8,23
8,4
8,2
8,89
8,11
8,251
8,16
8,23
8,4
8,4
8,2
8,16
8,1
8,2
8,0
8,2
8,3
8,0
8,2
8,387
8,23
8,26
8,0
8,0
8,22
8,1
8,11
8,16
8,23
8,26
8,4
8,97
8,2
8,1
8,22
8,16
8,4
8,26
8,4
8,1
8,23
8,154
8,255
8,106
8,44
8,23
8,259
8,23
8,488
8,4
8,0
8,2
8,23
8,4
8,128
8,4
8,1
8,372
8,20
8,217
8,23
8,4
8,0
8,11
8,2
8,4
8,2
8,1
8,293
8,4
8,1
8,0
8,4
8,143
8,4
8,2
8,2
8,0
8,40
8,164
8,26
8,4
8,11
8,0
8,4
8,22
8,5
8,214
8,23
8,92
8,84
8,23
8,1
8,0
8,23
8,2
8,3
8,11
8,16
8,4
8,71
8,362
8,23
8,982
8,11
8,1
8,23
8,11
8,4
8,7
8,11
8,92
8,23
8,11
8,0
8,0
8,154
8,4
8,1
8,0
8,4
8,0
8,3
8,11
8,0
8,11
8,89
8,154
8,283
8,4
8,4
8,23
8,164
8,16
8,2
8,0
8,1
8,210
8,11
8,0
8,2
8,0
8,2
8,989
8,108
8,380
8,128
8,75
8,23
8,4
8,4
8,84
8,23
8,4
8,93
8,3
8,4
8,23
8,16
8,0
8,0
8,488
8,23
8,41
8,5
8,287
8,22
8,4
8,22
8,1
8,302
8,1
8,20
8,4
8,2
8,2
8,2
8,4
8,16
8,1
8,128
8,164
8,1
8,11
8,16
8,11
8,0
8,4
8,1
8,2
8,1
8,22
8,92
8,3
8,0
8,16
8,2
8,16
8,2
8,251
8,4
8,11
8,0
8,991
8,41
8,11
8,2
8,16
8,4
8,26
8,20
8,23
8,2
8,0
8,3
8,23
8,0
8,2
8,84
8,20
8,3
8,11
8,1
8,11
8,106
8,2
8,23
8,2
8,1
8,1
8,2
8,0
8,23
8,23
8,4
8,1
8,372
8,4
8,2
8,4
8,4
8,2
8,816
8,11
8,3
8,939
8,210
8,1
8,1
8,16
8,251
8,360
8,2
8,4
8,1
8,23
8,16
8,41
8,0
8,3
8,11
8,11
8,23
8,1
8,4
8,44
8,23
8,153
8,911
8,44
8,11
8,3
8,4
8,57
8,2
8,11
8,26
8,0
8,0
8,11
8,0
8,3
8,22
8,11
8,26
8,145
8,11
8,92
8,1
8,41
8,5
8,16
8,4
8,2
8,3
8,26
8,1
8,40
8,23
8,2
8,23
8,604
8,4
8,11
8,44
8,26
8,23
8,0
8,4
8,4
8,2
8,2
8,254
8,11
8,89
8,4
8,29
8,1
8,3
8,251
8,23
8,1
8,4
8,11
8,41
8,4
8,2
8,23
8,128
8,5
8,44
8,154
8,1
8,11
8,0
8,2
8,26
8,4
8,4
8,0
8,1
8,196
8,2
8,26
8,0
8,1
8,89
8,26
8,3
8,84
8,23
8,23
8,2
8,22
8,11
8,2
8,89
8,431
8,29
8,4
8,29
8,16
8,13
8,251
8,16
8,2
8,2
8,2
8,23
8,154
8,6
8,23
8,1
8,868
8,164
8,4
8,11
8,4
8,4
8,0
8,128
8,3
8,29
8,1
8,89
8,26
8,1
8,16
8,154
8,11
8,11
8,23
8,0
8,438
8,322
8,4
8,1
8,1
8,11
8,23
8,44
8,271
8,0
8,0
8,0
8,73
8,0
8,4
8,368
8,128
8,2
8,11
8,20
8,89
8,23
8,11
8,89
8,0
8,89
8,0
8,156
8,92
8,2
8,22
8,4
8,2
8,1000
8,4
8,307
8,41
8,26
8,1
8,11
8,164
8,431
8,154
8,2
8,463
8,1
8,11
8,1
8,23
8,23
8,11
8,4
8,2
8,0
8,0
8,3
8,154
8,16
8,4
8,23
8,11
8,16
8,145
8,3
8,14
8,2
8,106
8,16
8,4
8,11
8,2
8,4
8,164
8,4
8,1
8,1
8,44
8,154
8,2
8,3
8,1
8,1
8,803
8,2
8,0
8,0
8,73
8,0
8,11
8,4
8,0
8,1002
8,292
8,11
8,4
8,164
8,16
8,84
8,4
8,1
8,1
8,4
8,164
8,23
8,2
8,3
8,26
8,44
8,11
8,0
8,23
8,0
8,4
8,23
8,128
8,936
8,26
8,16
8,1
8,84
8,2
8,84
8,5
8,23
8,1
8,4
8,3
8,164
8,4
8,2
8,4
8,2
8,1
8,0
8,4
8,4
8,4
8,4
8,2
8,23
8,0
8,0
8,2
8,4
8,44
8,84
8,4
8,16
8,20
8,4
8,2
8,23
8,4
8,143
8,0
8,4
8,23
8,50
8,1
8,23
8,5
8,2
8,0
8,1
8,89
8,3
8,23
8,265
8,0
8,84
8,16
8,23
8,4
8,22
8,68
8,0
8,2
8,23
8,3
8,11
8,4
8,6
8,40
8,1
8,0
8,251
8,11
8,126
8,23
8,1
8,11
8,0
8,95
8,1
8,1
8,2
8,4
8,4
8,251
8,23
8,23
8,16
8,128
8,11
8,164
8,2
8,1
8,11
8,44
8,40
8,1
8,11
8,1
8,44
8,128
8,22
8,57
8,1
8,89
8,3
8,4
8,47
8,11
8,2
8,2
8,1
8,23
8,16
8,84
8,11
8,44
8,126
8,11
8,265
8,44
8,89
8,2
8,4
8,251
8,4
8,2
8,4
8,4
8,2
8,20
8,213
8,4
8,11
8,1
8,387
8,3
8,2
8,1
8,3
8,164
8,4
8,2
8,2
8,11
8,2
8,4
8,0
8,44
8,2
8,2
8,23
8,11
8,20
8,186
8,0
8,0
8,43
8,41
8,4
8,431
8,23
8,120
8,1
8,1
8,73
8,40
8,2
8,2
8,4
8,3
8,26
8,4
8,23
8,4
8,23
8,283
8,84
8,11
8,0
8,891
8,4
8,2
8,11
8,4
8,89
8,16
8,1
8,0
8,23
8,11
8,3
8,0
8,71
8,0
8,1
8,0
8,5
8,84
8,251
8,0
8,29
8,16
8,89
8,2
8,11
8,1
8,1
8,16
8,23
8,0
8,0
8,128
8,0
8,23
8,4
8,1012
8,11
8,11
8,11
8,2
8,4
8,879
8,4
8,23
8,1
8,11
8,1
8,89
8,23
8,1
8,4
8,23
8,22
8,1
8,43
8,0
8,4
8,946
8,164
8,23
8,1
8,177
8,1
8,2
8,0
8,4
8,0
8,22
8,1
8,11
8,4
8,0
8,4
8,1
8,0
8,449
8,488
8,0
8,287
8,1
8,89
8,16
8,44
8,23
8,0
8,210
8,4
8,20
8,23
8,1
8,11
8,11
8,4
8,26
8,164
8,23
8,68
8,0
8,128
8,4
8,89
8,4
8,22
8,1
8,4
8,0
8,2
8,11
8,23
8,11
8,154
8,84
8,254
8,2
8,164
8,89
8,0
8,23
8,23
8,23
8,4
8,26
8,4
8,23
8,1
8,1
8,2
8,0
8,40
8,2
8,4
8,4
8,26
8,0
8,41
8,26
8,1
8,16
8,84
8,2
8,20
8,92
8,4
8,2
8,26
8,11
8,11
8,23
8,0
8,16
8,1
8,4
8,1
8,11
8,23
8,4
8,23
8,2
8,3
8,2
8,154
8,154
8,0
8,4
8,40
8,23
8,5
8,23
8,2
8,4
8,2
8,0
8,11
8,4
8,89
8,58
8,154
8,2
8,0
8,1
8,84
8,84
8,11
8,11
8,23
8,23
8,2
8,4
8,23
8,154
8,4
8,911
8,23
8,2
8,128
8,0
8,23
8,11
8,128
8,4
8,2
8,4
8,147
8,23
8,89
8,2
8,11
8,0
8,11
8,22
8,209
8,4
8,23
8,23
8,210
8,23
8,11
8,2
8,251
8,4
8,2
8,0
8,0
8,23
8,26
8,1
8,1
8,23
8,164
8,1
8,1
8,2
8,3
8,11
8,38
8,23
8,4
8,23
8,2
8,2
8,1
8,23
8,4
8,164
8,2
8,1
8,2
8,3
8,23
8,1
8,0
8,0
8,177
8,23
8,164
8,73
8,128
8,4
8,23
8,2
8,2
8,4
8,16
8,251
8,11
8,931
8,2
8,11
8,286
8,128
8,41
8,4
8,23
8,1
8,126
8,1
8,4
8,23
8,62
8,4
8,2
8,23
8,71
8,128
8,11
8,1
8,2
8,22
8,11
8,3
8,11
8,26
8,0
8,2
8,4
8,2
8,16
8,2
8,1
8,2
8,22
8,0
8,23
8,3
8,23
8,0
8,11
8,29
8,23
8,4
8,1
8,27
8,1
8,89
8,4
8,20
8,26
8,4
8,3
8,0
8,0
8,92
8,44
8,23
8,2
8,4
8,84
8,251
8,1
8,1
8,11
8,164
8,1
8,4
8,11
8,23
8,4
8,23
8,0
8,1
8,1
8,23
8,23
8,23
8,164
8,0
8,23
8,430
8,2
8,4
8,3
8,2
8,0
8,1
8,128
8,2
8,3
8,11
8,40
8,40
8,4
8,89
8,11
8,13
8,1
8,3
8,1
8,0
8,128
8,1
8,11
8,1
8,2
8,2
8,16
8,302
8,2
8,3
8,4
8,307
8,20
8,4
8,4
8,40
8,16
8,4
8,1
8,11
8,3
8,4
8,44
8,3
8,23
8,1
8,1
8,2
8,287
8,164
8,4
8,164
8,11
8,3
8,29
8,1
8,1
8,23
8,2
8,1
8,11
8,4
8,4
8,3
8,84
8,3
8,1
8,89
8,23
8,4
8,251
8,23
8,1
8,1
8,16
8,1
8,2
8,1
8,16
8,0
8,101
8,0
8,2
8,0
8,879
8,0
8,1
8,2
8,5
8,23
8,22
8,26
8,2
8,11
8,23
8,1
8,154
8,11
8,84
8,154
8,23
8,259
8,11
8,4
8,1
8,0
8,23
8,11
8,1
8,4
8,92
8,0
8,2
8,23
8,164
8,11
8,23
8,11
8,23
8,4
8,4
8,0
8,2
8,4
8,11
8,2
8,1
8,23
8,1
8,0
8,92
8,3
8,2
8,4
8,1
8,29
8,44
8,1027
8,23
8,251
8,2
8,1
8,128
8,50
8,11
8,154
8,1
8,84
8,23
8,4
8,2
8,3
8,11
8,1
8,4
8,92
8,23
8,4
8,4
8,431
8,29
8,2
8,11
8,1
8,1
8,3
8,1
8,23
8,23
8,70
8,2
8,23
8,154
8,508
8,23
8,2
8,1
8,2
8,89
8,2
8,164
8,26
8,84
8,154
8,0
8,1
8,23
8,4
8,56
8,23
8,89
8,0
8,89
8,23
8,1
8,23
8,1006
8,2
8,0
8,16
8,2
8,2
8,16
8,2
8,16
8,23
8,26
8,0
8,1
8,3
8,3
8,23
8,4
8,11
8,20
8,3
8,44
8,0
8,2
8,1
8,23
8,488
8,1
8,16
8,4
8,23
8,29
8,1
8,1
8,3
8,2
8,23
8,164
8,2
8,4
8,4
8,0
8,23
8,89
8,23
8,164
8,295
8,2
8,1
8,0
8,4
8,0
8,0
8,26
8,11
8,3
8,11
8,2
8,23
8,40
8,89
8,2
8,11
8,128
8,2
8,2
8,0
8,3
8,1
8,84
8,2
8,374
8,16
8,154
8,23
8,3
8,0
8,2
8,23
8,5
8,23
8,1
8,23
8,3
8,2
8,3
8,2
8,11
8,4
8,947
8,3
8,4
8,11
8,0
8,89
8,0
8,1
8,1
8,11
8,89
8,207
8,2
8,0
8,40
8,4
8,26
8,89
8,16
8,40
8,23
8,164
8,89
8,2
8,4
8,23
8,0
8,0
8,1
8,84
8,163
8,40
8,0
8,40
8,2
8,0
8,1
8,4
8,2
8,11
8,128
8,23
8,4
8,44
8,4
8,5
8,4
8,2
8,2
8,463
8,1
8,0
8,1
8,11
8,2
8,4
8,11
8,23
8,29
8,0
8,3
8,2
8,26
8,16
8,23
8,128
8,40
8,11
8,11
8,23
8,23
8,0
8,1
8,0
8,16
8,1011
8,4
8,23
8,1
8,1
8,4
8,68
8,4
8,74
8,1
8,16
8,43
8,89
8,0
8,23
8,51
8,11
8,154
8,11
8,1
8,23
8,327
8,29
8,23
8,41
8,84
8,2
8,154
8,4
8,4
8,0
8,0
8,4
8,0
8,154
8,0
8,84
8,1
8,23
8,1
8,2
8,84
8,2
8,164
8,3
8,89
8,4
8,0
8,1
8,22
8,255
8,2
8,11
8,0
8,2
8,23
8,11
8,29
8,0
8,4
8,302
8,4
8,2
8,2
8,1
8,0
8,4
8,0
8,40
8,4
8,92
8,93
8,26
8,488
8,23
8,0
8,0
8,7
8,1
8,16
8,164
8,26
8,4
8,0
8,26
8,11
8,23
8,94
8,280
8,1
8,26
8,23
8,0
8,259
8,286
8,23
8,23
8,11
8,1
8,3
8,2
8,23
8,2
8,4
8,1
8,84
8,1
8,23
8,4
8,23
8,0
8,89
8,4
8,128
8,2
8,1
8,1035
8,2
8,1
8,0
8,4
8,11
8,94
8,2
8,11
8,4
8,431
8,4
8,23
8,3
8,20
8,2
8,0
8,2
8,4
8,4
8,11
8,23
8,11
8,26
8,4
8,0
8,23
8,3
8,23
8,11
8,4
8,2
8,23
8,1
8,92
8,11
8,0
8,16
8,1
8,147
8,23
8,89
8,2
8,3
8,29
8,3
8,89
8,23
8,2
8,405
8,23
8,156
8,4
8,0
8,0
8,3
8,209
8,3
8,0
8,40
8,11
8,1
8,164
8,3
8,23
8,0
8,108
8,22
8,1
8,89
8,1
8,143
8,23
8,806
8,20
8,11
8,26
8,0
8,29
8,128
8,1
8,1
8,23
8,11
8,431
8,0
8,89
8,4
8,154
8,1
8,4
8,2
8,2
8,1
8,1
8,11
8,1
8,3
8,4
8,1
8,1
8,2
8,1
8,251
8,164
8,2
8,3
8,0
8,44
8,1
8,3
8,156
8,84
8,4
8,44
8,251
8,971
8,4
8,4
8,16
8,16
8,1
8,156
8,23
8,1
8,1
8,121
8,1
8,2
8,1
8,0
8,128
8,44
8,11
8,16
8,4
8,0
8,3
8,23
8,2
8,94
8,1
8,1
8,4
8,84
8,4
8,44
8,2
8,2
8,11
8,0
8,164
8,26
8,4
8,44
8,2
8,1
8,4
8,154
8,2
8,3
8,4
8,23
8,1
8,40
8,2
8,1
8,1
8,488
8,23
8,23
8,23
8,26
8,21
8,1
8,11
8,23
8,0
8,1
8,4
8,3
8,26
8,11
8,38
8,1
8,4
8,16
8,4
8,16
8,2
8,11
8,23
8,11
8,3
8,4
8,196
8,23
8,11
8,4
8,0
8,23
8,4
8,38
8,4
8,11
8,11
8,23
8,0
8,0
8,40
8,22
8,23
8,2
8,4
8,1
8,3
8,4
8,1
8,4
8,84
8,23
8,1
8,11
8,11
8,1
8,4
8,11
8,23
8,1
8,26
8,23
8,2
8,2
8,26
8,3
8,16
8,11
8,16
8,0
8,3
8,11
8,0
8,23
8,4
8,4
8,2
8,1
8,11
8,4
8,16
8,16
8,259
8,2
8,57
8,16
8,0
8,84
8,2
8,38
8,23
8,2
8,23
8,0
8,163
8,1
8,23
8,4
8,16
8,121
8,0
8,89
8,84
8,1
8,16
8,2
8,360
8,44
8,75
8,4
8,1
8,1
8,156
8,4
8,2
8,23
8,4
8,1
8,4
8,4
8,39
8,11
8,20
8,1
8,58
8,1
8,29
8,20
8,1
8,4
8,3
8,84
8,387
8,89
8,1
8,0
8,1
8,16
8,11
8,4
8,84
8,1
8,2
8,4
8,177
8,1
8,1
8,11
8,11
8,89
8,4
8,154
8,2
8,228
8,387
8,128
8,4
8,4
8,164
8,1
8,84
8,22
8,2
8,2
8,154
8,0
8,23
8,40
8,23
8,1
8,23
8,2
8,526
8,2
8,265
8,23
8,3
8,0
8,3
8,2
8,11
8,1
8,2
8,164
8,22
8,4
8,4
8,23
8,23
8,1
8,163
8,4
8,4
8,4
8,2
8,0
8,23
8,20
8,1
8,11
8,3
8,23
8,2
8,78
8,23
8,0
8,11
8,23
8,23
8,11
8,11
8,294
8,23
8,0
8,16
8,101
8,23
8,11
8,23
8,2
8,3
8,164
8,4
8,2
8,1
8,11
8,40
8,488
8,164
8,11
8,154
8,26
8,302
8,40
8,0
8,1
8,0
8,16
8,4
8,147
8,4
8,2
8,2
8,11
8,11
8,488
8,23
8,1
8,4
8,22
8,0
8,2
8,2
8,4
8,3
8,23
8,23
8,2
8,11
8,154
8,2
8,23
8,884
8,23
8,0
8,92
8,44
8,2
8,23
8,128
8,4
8,154
8,128
8,41
8,11
8,128
8,1
8,649
8,604
8,11
8,3
8,3
8,2
8,89
8,23
8,11
8,92
8,1
8,3
8,2
8,3
8,23
8,22
8,16
8,1
8,0
8,0
8,3
8,23
8,0
8,4
8,92
8,16
8,2
8,11
8,4
8,3
8,210
8,139
8,3
8,26
8,84
8,92
8,1
8,23
8,2
8,73
8,3
8,3
8,0
8,23
8,4
8,4
8,26
8,0
8,20
8,89
8,0
8,20
8,11
8,11
8,23
8,89
8,5
8,2
8,5
8,1
8,1
8,237
8,4
8,10
8,1
8,4
8,23
8,11
8,4
8,374
8,4
8,3
8,26
8,2
8,0
8,11
8,0
8,4
8,26
8,52
8,89
8,0
8,1
8,16
8,154
8,1
8,11
8,156
8,2
8,1
8,3
8,0
8,4
8,5
8,900
8,11
8,4
8,1
8,154
8,1
8,11
8,23
8,89
8,41
8,23
8,23
8,11
8,4
8,0
8,0
8,0
8,73
8,23
8,1
8,23
8,4
8,4
8,1
8,3
8,0
8,3
8,4
8,143
8,2
8,16
8,0
8,1
8,11
8,22
8,11
8,1
8,1
8,1
8,4
8,2
8,1
8,0
8,1
8,23
8,3
8,41
8,13
8,11
8,372
8,4
8,1
8,360
8,0
8,23
8,4
8,4
8,89
8,1
8,2
8,2
8,1050
8,4
8,3
8,3
8,11
8,2
8,1
8,1
8,0
8,2
8,20
8,2
8,23
8,11
8,4
8,2
8,27
8,2
8,0
8,4
8,164
8,1
8,4
8,11
8,2
8,0
8,806
8,84
8,101
8,0
8,16
8,0
8,58
8,0
8,11
8,92
8,1
8,23
8,23
8,1
8,1052
8,2
8,1
8,23
8,251
8,4
8,0
8,23
8,11
8,1
8,1
8,23
8,4
8,26
8,143
8,0
8,2
8,283
8,4
8,23
8,0
8,0
8,3
8,3
8,26
8,7
8,1
8,2
8,2
8,23
8,23
8,1
8,40
8,11
8,1
8,23
8,463
8,398
8,2
8,2
8,11
8,164
8,89
8,16
8,4
8,23
8,2
8,4
8,11
8,11
8,1
8,4
8,11
8,1
8,4
8,151
8,1053
8,16
8,23
8,23
8,16
8,11
8,84
8,11
8,1
8,11
8,2
8,26
8,128
8,1
8,40
8,73
8,4
8,26
8,89
8,4
8,11
8,4
8,11
8,11
8,84
8,1
8,26
8,4
8,23
8,2
8,1
8,11
8,26
8,1
8,0
8,16
8,293
8,2
8,68
8,147
8,16
8,803
8,2
8,16
8,17
8,1
8,16
8,4
8,126
8,2
8,23
8,4
8,89
8,1
8,360
8,0
8,0
8,2
8,22
8,1056
8,4
8,1057
8,40
8,1
8,26
8,0
8,154
8,4
8,11
8,128
8,3
8,1
8,23
8,251
8,171
8,2
8,47
8,251
8,2
8,3
8,293
8,11
8,23
8,11
8,16
8,1
8,935
8,293
8,0
8,2
8,4
8,51
8,23
8,108
8,4
8,11
8,2
8,4
8,4
8,154
8,2
8,4
8,128
8,2
8,2
8,16
8,52
8,164
8,23
8,2
8,10
8,294
8,11
8,0
8,1
8,1
8,23
8,84
8,0
8,4
8,16
8,11
8,164
8,2
8,5
8,210
8,40
8,0
8,4
8,911
8,3
8,4
8,11
8,89
8,154
8,1
8,0
8,2
8,4
8,4
8,16
8,0
8,23
8,1
8,40
8,0
8,16
8,449
8,4
8,41
8,4
8,1
8,2
8,911
8,1
8,177
8,20
8,11
8,6
8,1
8,4
8,11
8,11
8,23
8,2
8,23
8,2
8,23
8,2
8,0
8,3
8,4
8,2
8,16
8,89
8,52
8,23
8,387
8,2
8,1
8,29
8,26
8,4
8,11
8,1
8,26
8,259
8,26
8,3
8,106
8,89
8,4
8,23
8,16
8,23
8,16
8,0
8,23
8,2
8,128
8,886
8,40
8,23
8,5
8,23
8,372
8,2
8,23
8,2
8,41
8,4
8,62
8,23
8,1
8,4
8,2
8,0
8,2
8,2
8,0
8,2
8,44
8,4
8,164
8,26
8,23
8,89
8,23
8,26
8,126
8,23
8,2
8,11
8,2
8,2
8,251
8,11
8,0
8,4
8,0
8,4
8,3
8,41
8,251
8,23
8,4
8,89
8,89
8,11
8,16
8,11
8,2
8,21
8,0
8,32
8,0
8,1
8,16
8,11
8,11
8,1
8,23
8,23
8,164
8,21
8,1
8,1
8,4
8,20
8,488
8,4
8,84
8,1
8,120
8,26
8,0
8,4
8,92
8,4
8,0
8,40
8,1
8,23
8,23
8,4
8,2
8,4
8,3
8,23
8,1
8,196
8,3
8,2
8,44
8,1
8,4
8,2
8,2
8,29
8,0
8,0
8,251
8,2
8,11
8,26
8,2
8,891
8,11
8,3
8,29
8,23
8,4
8,2
8,1
8,23
8,23
8,0
8,0
8,11
8,23
8,0
8,4
8,2
8,101
8,4
8,128
8,0
8,23
8,89
8,2
8,5
8,1
8,164
8,162
8,4
8,1
8,50
8,806
8,4
8,29
8,26
8,23
8,23
8,4
8,1
8,89
8,120
8,2
8,2
8,1
8,1
8,40
8,11
8,163
8,89
8,4
8,23
8,3
8,3
8,128
8,128
8,2
8,4
8,41
8,58
8,0
8,2
8,0
8,0
8,0
8,23
8,0
8,5
8,4
8,26
8,126
8,310
8,41
8,23
8,0
8,11
8,26
8,4
8,93
8,1
8,44
8,3
8,11
8,0
8,11
8,0
8,29
8,488
8,11
8,1
8,2
8,0
8,2
8,23
8,4
8,1
8,2
8,1
8,2
8,2
8,2
8,4
8,11
8,4
8,3
8,177
8,4
8,1
8,11
8,11
8,4
8,11
8,23
8,3
8,1
8,23
8,4
8,26
8,1067
8,23
8,40
8,0
8,2
8,1
8,154
8,11
8,2
8,177
8,1
8,4
8,1
8,52
8,29
8,0
8,1
8,23
8,29
8,1
8,16
8,4
8,254
8,23
8,0
8,2
8,11
8,23
8,11
8,0
8,2
8,709
8,0
8,23
8,154
8,4
8,23
8,1
8,11
8,89
8,11
8,23
8,16
8,11
8,1
8,251
8,16
8,23
8,11
8,26
8,11
8,0
8,943
8,16
8,1
8,20
8,23
8,11
8,92
8,23
8,0
8,1
8,0
8,11
8,0
8,508
8,3
8,2
8,372
8,302
8,29
8,4
8,0
8,11
8,5
8,147
8,1
8,3
8,4
8,26
8,29
8,214
8,23
8,4
8,11
8,2
8,4
8,23
8,4
8,11
8,3
8,20
8,2
8,0
8,0
8,23
8,16
8,536
8,1
8,4
8,2
8,1
8,3
8,164
8,0
8,4
8,0
8,23
8,2
8,2
8,23
8,164
8,3
8,285
8,2
8,1
8,0
8,44
8,1
8,0
8,302
8,0
8,4
8,108
8,26
8,1
8,4
8,3
8,0
8,4
8,89
8,154
8,23
8,16
8,4
8,23
8,23
8,0
8,89
8,24
8,164
8,20
8,11
8,1
8,4
8,23
8,23
8,4
8,44
8,1
8,11
8,20
8,2
8,3
8,20
8,62
8,23
8,89
8,0
8,41
8,41
8,1
8,2
8,3
8,164
8,23
8,44
8,1
8,1
8,254
8,26
8,1
8,0
8,11
8,3
8,23
8,128
8,4
8,11
8,11
8,11
8,68
8,23
8,16
8,2
8,4
8,380
8,1
8,11
8,3
8,29
8,16
8,128
8,16
8,4
8,5
8,41
8,3
8,2
8,16
8,2
8,2
8,16
8,901
8,4
8,3
8,11
8,40
8,128
8,0
8,2
8,2
8,128
8,128
8,254
8,1
8,1
8,2
8,74
8,14
8,16
8,23
8,0
8,0
8,488
8,0
8,17
8,1072
8,1
8,26
8,44
8,16
8,0
8,4
8,3
8,24
8,164
8,23
8,164
8,44
8,1
8,154
8,4
8,5
8,1
8,1
8,23
8,0
8,1
8,23
8,23
8,41
8,92
8,1
8,23
8,2
8,11
8,0
8,23
8,2
8,1
8,302
8,29
8,1
8,1
8,44
8,84
8,106
8,11
8,3
8,0
8,4
8,1
8,29
8,23
8,4
8,4
8,23
8,11
8,4
8,3
8,41
8,3
8,1
8,2
8,1
8,2
8,4
8,2
8,0
8,11
8,265
8,154
8,360
8,117
8,2
8,2
8,0
8,0
8,1
8,937
8,0
8,368
8,1
8,16
8,2
8,1
8,128
8,2
8,11
8,44
8,0
8,23
8,71
8,26
8,11
8,11
8,0
8,0
8,11
8,3
8,164
8,42
8,911
8,23
8,4
8,11
8,23
8,186
8,62
8,2
8,1
8,577
8,128
8,94
8,11
8,128
8,16
8,23
8,4
8,51
8,44
8,47
8,44
8,23
8,0
8,11
8,4
8,4
8,2
8,0
8,0
8,26
8,40
8,4
8,1
8,5
8,93
8,1
8,0
8,23
8,11
8,34
8,1
8,0
8,1
8,23
8,2
8,16
8,4
8,2
8,23
8,16
8,11
8,23
8,2
8,11
8,128
8,128
8,26
8,26
8,936
8,1
8,1
8,11
8,23
8,108
8,4
8,5
8,0
8,89
8,0
8,1
8,0
8,154
8,1
8,0
8,154
8,0
8,58
8,2
8,11
8,0
8,23
8,0
8,372
8,16
8,1
8,3
8,4
8,2
8,11
8,23
8,4
8,2
8,0
8,4
8,89
8,1008
8,23
8,154
8,23
8,4
8,11
8,4
8,3
8,4
8,2
8,84
8,24
8,4
8,23
8,3
8,11
8,0
8,11
8,0
8,4
8,1
8,23
8,1
8,11
8,1
8,23
8,23
8,3
8,11
8,251
8,23
8,11
8,2
8,16
8,1
8,1
8,23
8,4
8,0
8,1
8,2
8,2
8,0
8,4
8,153
8,44
8,51
8,2
8,0
8,11
8,431
8,11
8,4
8,4
8,2
8,0
8,11
8,2
8,551
8,16
8,1
8,40
8,154
8,4
8,23
8,20
8,4
8,11
8,0
8,3
8,265
8,1
8,4
8,128
8,2
8,2
8,164
8,360
8,2
8,16
8,2
8,4
8,2
8,4
8,40
8,11
8,16
8,26
8,4
8,164
8,3
8,4
8,1
8,0
8,251
8,1
8,0
8,0
8,23
8,2
8,210
8,11
8,4
8,4
8,26
8,1
8,16
8,73
8,1
8,0
8,2
8,1
8,84
8,11
8,23
8,26
8,3
8,41
8,11
8,23
8,23
8,44
8,89
8,4
8,23
8,1
8,3
8,11
8,11
8,1080
8,5
8,1
8,22
8,0
8,23
8,932
8,26
8,11
8,2
8,5
8,93
8,84
8,2
8,2
8,2
8,22
8,4
8,0
8,89
8,3
8,11
8,1
8,11
8,4
8,163
8,84
8,431
8,0
8,4
8,11
8,177
8,1
8,11
8,22
8,11
8,23
8,11
8,1
8,26
8,41
8,41
8,4
8,44
8,4
8,3
8,287
8,22
8,22
8,0
8,2
8,1
8,16
8,4
8,0
8,89
8,154
8,2
8,1
8,164
8,1
8,4
8,23
8,0
8,128
8,23
8,77
8,16
8,0
8,1
8,128
8,1
8,1
8,3
8,16
8,23
8,1
8,2
8,3
8,23
8,4
8,0
8,477
8,26
8,23
8,2
8,23
8,0
8,26
8,4
8,4
8,29
8,23
8,2
8,11
8,4
8,94
8,1
8,1
8,4
8,0
8,23
8,11
8,4
8,44
8,11
8,16
8,0
8,154
8,4
8,405
8,128
8,23
8,0
8,1
8,1
8,1
8,11
8,23
8,1
8,1
8,26
8,2
8,488
8,4
8,4
8,23
8,128
8,488
8,26
8,1
8,11
8,2
8,22
8,1
8,2
8,29
8,16
8,23
8,40
8,11
8,26
8,4
8,23
8,23
8,431
8,2
8,20
8,3
8,4
8,20
8,302
8,101
8,156
8,23
8,23
8,11
8,1
8,254
8,1087
8,84
8,23
8,22
8,2
8,11
8,11
8,4
8,29
8,4
8,4
8,4
8,26
8,23
8,2
8,23
8,62
8,147
8,2
8,23
8,4
8,2
8,84
8,1
8,1089
8,41
8,23
8,23
8,1
8,11
8,44
8,128
8,4
8,0
8,931
8,1
8,23
8,1
8,1
8,22
8,1
8,2
8,23
8,0
8,0
8,23
8,11
8,16
8,89
8,2
8,2
8,23
8,46
8,1
8,2
8,1
8,16
8,2
8,23
8,0
8,154
8,4
8,302
8,1
8,259
8,22
8,73
8,1
8,2
8,2
8,11
8,1
8,1
8,23
8,4
8,23
8,2
8,2
8,12
8,4
8,1
8,11
8,11
8,23
8,92
8,0
8,23
8,154
8,3
8,2
8,11
8,4
8,23
8,23
8,2
8,2
8,23
8,164
8,1
8,4
8,43
8,2
8,2
8,295
8,186
8,3
8,4
8,23
8,0
8,387
8,3
8,0
8,26
8,26
8,84
8,0
8,4
8,29
8,360
8,1
8,128
8,2
8,4
8,4
8,1
8,11
8,3
8,1
8,2
8,1
8,3
8,89
8,3
8,1
8,23
8,0
8,4
8,2
8,360
8,186
8,23
8,1
8,26
8,106
8,120
8,164
8,0
8,2
8,58
8,1
8,1
8,4
8,164
8,2
8,89
8,0
8,128
8,2
8,488
8,11
8,4
8,11
8,0
8,4
8,23
8,0
8,2
8,23
8,26
8,3
8,16
8,3
8,4
8,23
8,11
8,1091
8,11
8,1
8,4
8,4
8,11
8,1
8,23
8,4
8,1
8,26
8,2
8,1
8,0
8,26
8,11
8,84
8,4
8,0
8,2
8,11
8,23
8,23
8,293
8,0
8,2
8,29
8,0
8,11
8,11
8,2
8,1
8,1
8,1
8,23
8,164
8,2
8,23
8,2
8,23
8,1
8,0
8,0
8,0
8,302
8,23
8,11
8,23
8,0
8,23
8,806
8,23
8,43
8,4
8,23
8,0
8,23
8,3
8,2
8,23
8,23
8,11
8,23
8,14
8,16
8,2
8,56
8,4
8,126
8,20
8,2
8,4
8,128
8,1
8,4
8,1
9,16
9,2
9,23
9,3
9,4
9,23
9,2
9,16
9,23
9,1
9,5
9,2
9,23
9,0
9,131
9,40
9,0
9,23
9,40
9,23
9,1
9,16
9,71
9,23
9,4
9,156
9,0
9,2
9,196
9,2
9,1098
9,16
9,2
9,40
9,0
9,44
9,4
9,4
9,38
9,0
9,23
9,38
9,1
9,151
9,16
9,20
9,3
9,43
9,26
9,11
9,23
9,1
9,2
9,1
9,1
9,40
9,23
9,16
9,1
9,4
9,1
9,43
9,3
9,0
9,1099
9,0
9,93
9,0
9,1100
9,21
9,4
9,68
9,23
9,401
9,4
9,23
9,40
9,23
9,23
9,4
9,4
9,0
9,4
9,2
9,16
9,16
9,40
9,16
9,3
9,2
9,4
9,22
9,20
9,2
9,1101
9,0
9,101
9,44
9,4
9,835
9,0
9,23
9,16
9,16
9,1
9,1
9,40
9,16
9,3
9,2
9,4
9,23
9,16
9,38
9,1103
9,1
9,68
9,3
9,74
9,2
9,1
9,101
9,68
9,4
9,106
9,0
9,23
9,4
9,23
9,16
9,4
9,68
9,4
9,4
9,3
9,2
9,3
9,23
9,4
9,4
9,16
9,4
9,2
9,29
9,1
9,1
9,1
9,1
9,2
9,78
9,4
9,1
9,1
9,1
9,2
9,4
9,1
9,2
9,23
9,1
9,1
9,22
9,43
9,2
9,128
9,40
9,2
9,321
9,2
9,11
9,0
9,23
9,161
9,1
9,3
9,38
9,1
9,44
9,16
9,2
9,4
9,3
9,40
9,1
9,74
9,38
9,3
9,23
9,16
9,4
9,11
9,143
9,2
9,38
9,40
9,2
9,4
9,0
9,23
9,23
9,2
9,2
9,3
9,73
9,16
9,23
9,43
9,3
9,2
9,16
9,29
9,4
9,0
9,43
9,23
9,253
9,393
9,0
9,23
9,1
9,2
9,38
9,2
9,2
9,16
9,16
9,16
9,11
9,58
9,16
9,0
9,29
9,4
9,3
9,4
9,4
9,101
9,4
9,0
9,128
9,2
9,0
9,23
9,16
9,2
9,23
9,1
9,161
9,16
9,40
9,119
9,26
9,1
9,22
9,5
9,4
9,2
9,0
9,1112
9,209
9,23
9,78
9,237
9,22
9,16
9,43
9,1
9,23
9,146
9,1114
9,71
9,253
9,1
9,4
9,0
9,3
9,5
9,26
9,0
9,4
9,16
9,0
9,101
9,3
9,40
9,4
9,26
9,4
9,4
9,74
9,11
9,16
9,2
9,26
9,4
9,1
9,4
9,120
9,4
9,0
9,0
9,101
9,4
9,1
9,23
9,16
9,20
9,1
9,277
9,2
9,20
9,1
9,4
9,123
9,38
9,40
9,0
9,3
9,15
9,38
9,74
9,0
9,23
9,16
9,4
9,5
9,3
9,1116
9,23
9,2
9,4
9,16
9,74
9,16
9,38
9,11
9,161
9,254
9,1
9,23
9,4
9,101
9,23
9,40
9,5
9,85
9,2
9,1
9,40
9,0
9,11
9,4
9,38
9,101
9,16
9,11
9,0
9,4
9,214
9,2
9,4
9,4
9,3
9,4
9,23
9,1
9,2
9,23
9,68
9,23
9,4
9,23
9,3
9,16
9,16
9,26
9,2
9,16
9,1
9,2
9,2
9,0
9,0
9,16
9,2
9,3
9,55
9,2
9,11
9,16
9,16
9,121
9,0
9,0
9,1
9,23
9,7
9,1
9,4
9,4
9,35
9,23
9,4
9,23
9,16
9,0
9,41
9,2
9,16
9,119
9,2
9,23
9,4
9,11
9,3
9,4
9,0
9,2
9,23
9,38
9,23
9,11
9,214
9,0
9,74
9,2
9,0
9,43
9,255
9,4
9,23
9,16
9,4
9,2
9,2
9,71
9,16
9,2
9,2
9,16
9,2
9,11
9,1
9,44
9,38
9,23
9,16
9,23
9,2
9,0
9,1
9,20
9,44
9,22
9,0
9,44
9,40
9,40
9,4
9,29
9,16
9,16
9,2
9,4
9,2
9,393
9,905
9,16
9,23
9,4
9,4
9,277
9,2
9,68
9,23
9,1
9,43
9,16
9,2
9,38
9,11
9,1060
9,16
9,4
9,43
9,4
9,23
9,22
9,16
9,20
9,40
9,0
9,3
9,23
9,1
9,0
9,4
9,0
9,1120
9,2
9,1
9,23
9,23
9,1
9,2
9,1
9,1
9,23
9,139
9,4
9,1
9,2
9,38
9,55
9,23
9,11
9,0
9,4
9,74
9,16
9,1
9,16
9,68
9,2
9,20
9,0
9,0
9,277
9,1
9,40
9,2
9,0
9,43
9,38
9,12
9,11
9,23
9,23
9,43
9,44
9,23
9,16
9,2
9,2
9,2
9,1
9,5
9,2
9,209
9,16
9,40
9,4
9,40
9,1
9,2
9,0
9,4
9,44
9,16
9,68
9,38
9,0
9,1
9,1
9,2
9,1
9,4
9,40
9,884
9,11
9,2
9,16
9,1
9,31
9,16
9,74
9,23
9,106
9,1
9,3
9,40
9,2
9,2
9,16
9,17
9,209
9,2
9,0
9,6
9,16
9,2
9,3
9,16
9,117
9,108
9,11
9,16
9,23
9,7
9,101
9,57
9,1
9,38
9,23
9,16
9,44
9,1
9,38
9,2
9,2
9,0
9,23
9,68
9,16
9,1
9,4
9,16
9,23
9,196
9,0
9,38
9,23
9,4
9,214
9,2
9,0
9,2
9,43
9,11
9,2
9,23
9,0
9,16
9,121
9,2
9,4
9,44
9,3
9,151
9,16
9,22
9,1127
9,151
9,1
9,1
9,40
9,2
9,4
9,3
9,0
9,23
9,0
9,62
9,29
9,1118
9,4
9,16
9,43
9,0
9,23
9,1
9,0
9,1
9,1128
9,23
9,0
9,2
9,41
9,3
9,43
9,1
9,38
9,0
9,2
9,209
9,11
9,0
9,16
9,101
9,398
9,6
9,68
9,23
9,5
9,4
9,16
9,0
9,988
9,1
9,1
9,74
9,43
9,47
9,65
9,126
9,4
9,0
9,0
9,2
9,0
9,22
9,2
9,0
9,68
9,16
9,3
9,143
9,209
9,29
9,4
9,6
9,68
9,40
9,23
9,3
9,0
9,4
9,3
9,2
9,43
9,23
9,23
9,2
9,1
9,0
9,43
9,4
9,210
9,2
9,43
9,0
9,40
9,0
9,2
9,0
9,293
9,1
9,2
9,2
9,23
9,68
9,2
9,2
9,2
9,22
9,11
9,2
9,16
9,196
9,23
9,4
9,4
9,16
9,4
9,564
9,1
9,16
9,393
9,1
9,40
9,4
9,237
9,277
9,2
9,161
9,4
9,23
9,16
9,2
9,4
9,16
9,0
9,4
9,4
9,1
9,26
9,2
9,29
9,47
9,16
9,2
9,43
9,0
9,16
9,4
9,4
9,38
9,3
9,1
9,0
9,1
9,126
9,2
9,23
9,4
9,3
9,2
9,0
9,4
9,4
9,2
9,2
9,29
9,101
9,11
9,16
9,40
9,74
9,0
9,4
9,1060
9,1
9,2
9,23
9,55
9,4
9,23
9,1
9,44
9,4
9,16
9,93
9,2
9,16
9,23
9,0
9,0
9,2
9,0
9,1
9,20
9,1
9,16
9,4
9,20
9,74
9,0
9,1
9,341
9,1
9,134
9,3
9,4
9,44
9,23
9,23
9,26
9,23
9,38
9,4
9,16
9,23
9,42
9,3
9,4
9,96
9,16
9,4
9,74
9,1
9,1131
9,0
9,4
9,2
9,2
9,1
9,38
9,5
9,16
9,16
9,0
9,23
9,101
9,13
9,1
9,23
9,68
9,0
9,4
9,38
9,4
9,1
9,2
9,0
9,0
9,43
9,16
9,1
9,40
9,43
9,23
9,5
9,4
9,0
9,147
9,11
9,40
9,22
9,38
9,4
9,47
9,74
9,4
9,4
9,4
9,23
9,23
9,0
9,319
9,5
9,154
9,44
9,16
9,23
9,16
9,2
9,4
9,23
9,43
9,1
9,20
9,0
9,11
9,1
9,1140
9,16
9,23
9,0
9,3
9,5
9,16
9,4
9,3
9,26
9,16
9,23
9,1
9,23
9,16
9,23
9,4
9,22
9,26
9,4
9,2
9,10
9,0
9,1
9,68
9,3
9,4
9,2
9,4
9,1
9,0
9,23
9,16
9,139
9,23
9,40
9,75
9,0
9,1
9,2
9,23
9,2
9,1
9,1
9,0
9,1
9,139
9,40
9,4
9,198
9,187
9,3
9,40
9,3
9,43
9,0
9,0
9,23
9,16
9,131
9,16
9,17
9,277
9,2
9,1
9,1
9,3
9,209
9,32
9,4
9,4
9,16
9,1
9,40
9,4
9,1144
9,2
9,262
9,1
9,4
9,2
9,4
9,4
9,68
9,2
9,1145
9,2
9,93
9,431
9,26
9,2
9,3
9,23
9,23
9,16
9,22
9,1
9,40
9,4
9,26
9,1
9,0
9,161
9,20
9,89
9,23
9,16
9,1
9,0
9,1
9,23
9,16
9,2
9,0
9,1
9,5
9,23
9,101
9,38
9,2
9,11
9,38
9,3
9,4
9,1
9,43
9,20
9,101
9,23
9,16
9,23
9,0
9,6
9,16
9,2
9,0
9,2
9,1
9,0
9,1
9,68
9,164
9,101
9,5
9,4
9,117
9,26
9,16
9,108
9,38
9,11
9,1
9,2
9,23
9,2
9,23
9,39
9,1
9,73
9,1
9,285
9,2
9,4
9,209
9,4
9,4
9,2
9,4
9,2
9,40
9,128
9,2
9,3
9,16
9,11
9,23
9,23
9,210
9,488
9,1
9,23
9,68
9,4
9,29
9,93
9,58
9,16
9,209
9,74
9,2
9,2
9,16
9,23
9,4
9,33
9,26
9,68
9,1
9,4
9,43
9,1
9,2
9,29
9,2
9,16
9,5
9,4
9,1
9,1
9,1
9,20
9,2
9,2
9,101
9,74
9,2
9,38
9,4
9,4
9,26
9,0
9,1
9,16
9,16
9,11
9,3
9,93
9,16
9,52
9,0
9,20
9,2
9,68
9,0
9,23
9,38
9,117
9,2
9,1
9,0
9,2
9,23
9,16
9,2
9,151
9,43
9,24
9,462
9,253
9,6
9,1
9,564
9,5
9,23
9,2
9,22
9,4
9,1
9,21
9,11
9,4
9,16
9,2
9,2
9,44
9,0
9,147
9,11
9,20
9,3
9,23
9,11
9,4
9,40
9,4
9,4
9,119
9,0
9,2
9,5
9,0
9,23
9,1
9,40
9,23
9,2
9,0
9,0
9,5
9,2
9,0
9,4
9,4
9,11
9,85
9,254
9,165
9,0
9,23
9,23
9,139
9,0
9,4
9,299
9,20
9,27
9,5
9,2
9,23
9,23
9,16
9,75
9,20
9,237
9,84
9,16
9,4
9,23
9,23
9,1
9,4
9,23
9,11
9,0
9,1145
9,0
9,17
9,11
9,4
9,16
9,1
9,2
9,4
9,16
9,2
9,101
9,1
9,1098
9,23
9,20
9,4
9,11
9,209
9,23
9,1
9,2
9,2
9,4
9,44
9,23
9,11
9,40
9,16
9,2
9,2
9,4
9,2
9,22
9,47
9,38
9,16
9,23
9,393
9,16
9,16
9,0
9,0
9,16
9,1
9,23
9,16
9,40
9,2
9,38
9,23
9,2
9,0
9,73
9,2
9,1
9,68
9,2
9,0
9,1
9,16
9,2
9,5
9,16
9,4
9,0
9,40
9,4
9,29
9,23
9,1
9,2
9,0
9,1156
9,16
9,16
9,0
9,23
9,4
9,0
9,1
9,3
9,2
9,16
9,23
9,1
9,2
9,2
9,4
9,5
9,10
9,2
9,23
9,26
9,43
9,40
9,101
9,4
9,1
9,4
9,2
9,2
9,11
9,454
9,20
9,2
9,0
9,555
9,16
9,23
9,11
9,74
9,0
9,428
9,23
9,4
9,11
9,68
9,23
9,0
9,453
9,4
9,101
9,4
9,2
9,112
9,74
9,101
9,1
9,16
9,0
9,1
9,101
9,4
9,26
9,2
9,1
9,16
9,0
9,11
9,4
9,93
9,4
9,74
9,2
9,7
9,23
9,2
9,40
9,0
9,62
9,40
9,1
9,101
9,101
9,4
9,16
9,2
9,24
9,43
9,4
9,4
9,16
9,16
9,0
9,2
9,23
9,4
9,47
9,21
9,4
9,2
9,38
9,78
9,16
9,23
9,40
9,4
9,16
9,3
9,2
9,4
9,2
9,11
9,1
9,23
9,1
9,29
9,11
9,23
9,4
9,0
9,5
9,38
9,23
9,277
9,4
9,3
9,0
9,2
9,3
9,23
9,2
9,2
9,4
9,1163
9,2
9,29
9,1
9,11
9,4
9,38
9,2
9,3
9,20
9,0
9,4
9,2
9,2
9,56
9,4
9,16
9,3
9,1
9,1
9,23
9,4
9,23
9,71
9,0
9,16
9,23
9,74
9,16
9,293
9,1
9,5
9,23
9,26
9,16
9,16
9,4
9,4
9,2
9,3
9,23
9,16
9,1
9,74
9,23
9,4
9,0
9,16
9,93
9,38
9,2
9,16
9,2
9,23
9,38
9,3
9,5
9,101
9,44
9,2
9,23
9,2
9,2
9,2
9,23
9,1
9,16
9,4
9,23
9,2
9,16
9,38
9,2
9,23
9,126
9,4
9,74
9,1
9,93
9,44
9,16
9,23
9,93
9,23
9,187
9,4
9,2
9,1
9,16
9,0
9,16
9,3
9,253
9,23
9,481
9,74
9,120
9,1
9,71
9,0
9,43
9,1
9,2
9,1
9,2
9,23
9,2
9,2
9,4
9,0
9,2
9,23
9,4
9,1
9,0
9,41
9,16
9,4
9,4
9,16
9,23
9,101
9,40
9,3
9,4
9,16
9,68
9,1
9,16
9,23
9,34
9,1
9,16
9,3
9,2
9,2
9,274
9,4
9,1
9,119
9,5
9,23
9,1
9,16
9,23
9,16
9,4
9,126
9,44
9,1
9,16
9,40
9,0
9,2
9,4
9,0
9,237
9,2
9,23
9,11
9,2
9,3
9,1
9,4
9,23
9,23
9,1000
9,4
9,589
9,0
9,1
9,101
9,101
9,40
9,1
9,1
9,93
9,4
9,1
9,4
9,2
9,4
9,23
9,4
9,16
9,16
9,6
9,23
9,0
9,0
9,0
9,2
9,4
9,40
9,22
9,1
9,3
9,16
9,23
9,1
9,4
9,2
9,4
9,2
9,16
9,43
9,68
9,84
9,3
9,3
9,23
9,2
9,1
9,16
9,0
9,4
9,3
9,11
9,2
9,1112
9,4
9,1
9,71
9,4
9,16
9,38
9,23
9,11
9,1
9,40
9,22
9,0
9,43
9,23
9,1
9,16
9,2
9,1
9,16
9,22
9,23
9,23
9,1
9,1
9,1
9,4
9,4
9,16
9,2
9,120
9,1
9,74
9,2
9,1031
9,50
9,2
9,2
9,4
9,1
9,2
9,11
9,253
9,23
9,2
9,3
9,1170
9,4
9,3
9,47
9,209
9,23
9,1076
9,68
9,68
9,2
9,2
9,92
9,43
9,101
9,7
9,23
9,4
9,23
9,0
9,1
9,101
9,0
9,101
9,68
9,1
9,27
9,2
9,11
9,4
9,16
9,4
9,1
9,44
9,20
9,16
9,40
9,4
9,23
9,2
9,1
9,20
9,1
9,4
9,2
9,4
9,23
9,2
9,43
9,1
9,2
9,23
9,0
9,1136
9,185
9,3
9,16
9,1
9,3
9,16
9,23
9,2
9,154
9,1
9,22
9,23
9,0
9,5
9,16
9,3
9,0
9,1
9,4
9,68
9,1
9,0
9,0
9,101
9,1
9,4
9,196
9,2
9,101
9,12
9,16
9,74
9,23
9,38
9,0
9,4
9,40
9,20
9,0
9,2
9,74
9,16
9,16
9,293
9,1
9,2
9,11
9,4
9,16
9,1
9,2
9,0
9,2
9,1
9,40
9,1
9,4
9,23
9,1
9,0
9,2
9,3
9,23
9,7
9,68
9,0
9,23
9,1
9,1
9,39
9,2
9,1
9,68
9,4
9,23
9,16
9,11
9,23
9,2
9,23
9,29
9,4
9,23
9,38
9,22
9,4
9,4
9,5
9,4
9,57
9,0
9,11
9,398
9,14
9,2
9,40
9,2
9,20
9,1
9,23
9,23
9,23
9,68
9,2
9,2
9,4
9,4
9,4
9,23
9,1
9,209
9,2
9,43
9,1
9,0
9,102
9,2
9,0
9,68
9,0
9,40
9,16
9,398
9,4
9,0
9,22
9,4
9,20
9,74
9,84
9,3
9,1
9,0
9,23
9,1
9,0
9,1
9,38
9,24
9,0
9,0
9,11
9,16
9,11
9,5
9,0
9,23
9,2
9,267
9,129
9,1
9,10
9,40
9,196
9,23
9,94
9,4
9,0
9,4
9,4
9,3
9,1
9,101
9,0
9,4
9,68
9,1
9,1100
9,4
9,3
9,4
9,262
9,1
9,0
9,26
9,101
9,44
9,11
9,16
9,74
9,23
9,16
9,4
9,23
9,1178
9,117
9,1
9,94
9,68
9,74
9,23
9,22
9,22
9,23
9,5
9,2
9,2
9,3
9,16
9,1
9,4
9,4
9,5
9,23
9,23
9,22
9,23
9,101
9,0
9,4
9,2
9,0
9,4
9,0
9,100
9,68
9,2
9,26
9,0
9,74
9,16
9,4
9,23
9,4
9,16
9,40
9,11
9,1
9,1
9,16
9,43
9,40
9,32
9,2
9,1
9,23
9,94
9,5
9,16
9,0
9,2
9,16
9,11
9,73
9,1
9,2
9,0
9,23
9,38
9,0
9,16
9,16
9,3
9,4
9,78
9,2
9,0
9,303
9,1
9,0
9,525
9,62
9,2
9,30
9,1
9,16
9,2
9,21
9,4
9,16
9,43
9,16
9,16
9,16
9,0
9,2
9,3
9,16
9,1
9,23
9,23
9,285
9,16
9,803
9,47
9,1
9,156
9,0
9,2
9,4
9,16
9,11
9,74
9,11
9,1
9,23
9,16
9,1
9,4
9,209
9,16
9,11
9,277
9,4
9,1
9,2
9,68
9,38
9,0
9,1
9,1
9,154
9,16
9,1
9,23
9,76
9,3
9,121
9,0
9,4
9,74
9,4
9,2
9,163
9,4
9,29
9,23
9,3
9,209
9,1
9,16
9,16
9,23
9,16
9,26
9,23
9,71
9,1
9,2
9,4
9,16
9,4
9,289
9,4
9,1
9,3
9,44
9,380
9,2
9,3
9,16
9,16
9,1
9,4
9,43
9,2
9,4
9,40
9,23
9,16
9,43
9,4
9,16
9,1100
9,4
9,16
9,23
9,0
9,0
9,2
9,0
9,23
9,16
9,5
9,2
9,4
9,4
9,4
9,3
9,1
9,4
9,0
9,2
9,0
9,3
9,4
9,68
9,1
9,23
9,4
9,3
9,2
9,4
9,43
9,3
9,5
9,23
9,68
9,3
9,1
9,11
9,0
9,2
9,4
9,2
9,40
9,23
9,2
9,74
9,17
9,209
9,4
9,16
9,20
9,210
9,68
9,286
9,68
9,2
9,4
9,20
9,3
9,4
9,23
9,2
9,4
9,4
9,2
9,0
9,16
9,214
9,74
9,4
9,23
9,85
9,4
9,22
9,5
9,1
9,11
9,16
9,40
9,40
9,40
9,1
9,0
9,16
9,17
9,38
9,16
9,187
9,24
9,23
9,43
9,0
9,74
9,2
9,16
9,2
9,56
9,40
9,16
9,2
9,23
9,1
9,93
9,0
9,23
9,154
9,1
9,23
9,74
9,4
9,2
9,0
9,40
9,0
9,23
9,40
9,0
9,1
9,101
9,101
9,16
9,23
9,0
9,0
9,23
9,4
9,23
9,2
9,23
9,1
9,1
9,40
9,26
9,988
9,26
9,5
9,2
9,23
9,16
9,43
9,43
9,4
9,4
9,23
9,4
9,5
9,0
9,1
9,44
9,29
9,2
9,4
9,34
9,23
9,101
9,209
9,23
9,0
9,1
9,44
9,3
9,40
9,23
9,0
9,26
9,2
9,3
9,3
9,43
9,1
9,16
9,2
9,2
9,68
9,4
9,38
9,23
9,143
9,1
9,2
9,11
9,0
9,4
9,1
9,101
9,40
9,43
9,16
9,21
9,1
9,16
9,23
9,16
9,11
9,23
9,534
9,0
9,0
9,1
9,68
9,4
9,1
9,17
9,26
9,4
9,11
9,398
9,101
9,2
9,4
9,5
9,20
9,23
9,2
9,3
9,0
9,16
9,1
9,23
9,3
9,1
9,1
9,0
9,1
9,0
9,2
9,119
9,2
9,75
9,139
9,3
9,1
9,23
9,151
9,43
9,1
9,0
9,39
9,44
9,20
9,101
9,0
9,101
9,23
9,4
9,20
9,44
9,0
9,1
9,23
9,106
9,3
9,0
9,4
9,29
9,16
9,23
9,29
9,0
9,2
9,0
9,2
9,16
9,16
9,5
9,40
9,23
9,23
9,23
9,4
9,0
9,38
9,164
9,11
9,23
9,23
9,1
9,5
9,1
9,101
9,74
9,1
9,16
9,4
9,4
9,0
9,4
9,40
9,16
9,0
9,398
9,3
9,23
9,74
9,0
9,161
9,16
9,4
9,4
9,16
9,23
9,4
9,23
9,0
9,209
9,162
9,2
9,106
9,329
9,2
9,1
9,40
9,23
9,55
9,40
9,23
9,196
9,2
9,161
9,29
9,0
9,4
9,0
9,1
9,2
9,47
9,2
9,2
9,2
9,2
9,3
9,4
9,74
9,23
9,40
9,20
9,16
9,20
9,237
9,0
9,511
9,4
9,4
9,1
9,23
9,2
9,22
9,0
9,20
9,23
9,20
9,4
9,5
9,40
9,16
9,0
9,151
9,4
9,1
9,1
9,54
9,0
9,0
9,16
9,14
9,1
9,75
9,0
9,4
9,23
9,210
9,4
9,5
9,119
9,0
9,11
9,23
9,16
9,4
9,38
9,1000
9,23
9,4
9,44
9,26
9,1
9,4
9,3
9,23
9,40
9,2
9,23
9,40
9,23
9,16
9,139
9,44
9,293
9,11
9,424
9,16
9,42
9,43
9,1131
9,101
9,23
9,2
9,23
9,209
9,68
9,2
9,398
9,1
9,74
9,143
9,16
9,2
9,16
9,0
9,84
9,2
9,16
9,74
9,2
9,16
9,23
9,5
9,68
9,1
9,1
9,3
9,4
9,23
9,1181
9,1
9,16
9,0
9,1000
9,508
9,23
9,16
9,23
9,38
9,11
9,101
9,1
9,74
9,26
9,2
9,23
9,23
9,74
9,26
9,0
9,4
9,78
9,1
9,16
9,4
9,151
9,4
9,16
9,4
9,2
9,68
9,93
9,209
9,875
9,156
9,161
9,40
9,74
9,143
9,23
9,1
9,16
9,0
9,1100
9,23
9,398
9,0
9,3
9,0
9,4
9,23
9,23
9,94
9,5
9,53
9,24
9,1
9,1
9,16
9,19
9,2
9,16
9,1
9,209
9,0
9,4
9,0
9,16
9,23
9,1
9,1
9,43
9,0
9,0
9,23
9,2
9,2
9,398
9,1
9,40
9,2
9,4
9,23
9,2
9,5
9,1
9,2
9,4
9,1
9,23
9,139
9,7
9,16
9,43
9,4
9,23
9,55
9,0
9,74
9,23
9,23
9,23
9,628
9,2
9,11
9,4
9,151
9,4
9,1
9,2
9,1
9,3
9,1
9,74
9,5
9,11
9,4
9,23
9,2
9,101
9,3
9,5
9,16
9,4
9,43
9,2
9,43
9,2
9,38
9,143
9,2
9,101
9,23
9,0
9,38
9,2
9,23
9,23
9,23
9,4
9,16
9,68
9,4
9,2
9,4
9,40
9,26
9,22
9,1
9,398
9,2
9,2
9,815
9,2
9,1
9,4
9,101
9,16
9,38
9,23
9,4
9,23
9,101
9,1
9,13
9,23
9,1
9,1
9,16
9,1
9,0
9,23
9,4
9,1
9,40
9,622
9,2
9,0
9,774
9,55
9,209
9,74
9,1
9,145
9,78
9,38
9,74
9,0
9,2
9,38
9,23
9,23
9,23
9,4
9,11
9,5
9,210
9,16
9,398
9,23
9,16
9,40
9,4
9,2
9,23
9,1
9,1
9,0
9,1203
9,2
9,0
9,4
9,2
9,398
9,29
9,16
9,0
9,11
9,4
9,3
9,4
9,360
9,11
9,16
9,16
9,644
9,16
9,1
9,16
9,1
9,3
9,11
9,5
9,44
9,23
9,0
9,43
9,23
9,1
9,40
9,1
9,11
9,16
9,16
9,4
9,101
9,147
9,219
9,23
9,1
9,254
9,94
9,0
9,1180
9,78
9,43
9,2
9,16
9,1
9,1
9,2
9,0
9,2
9,20
9,38
9,1
9,0
9,11
9,23
9,16
9,11
9,0
9,1
9,16
9,23
9,74
9,23
9,1
9,43
9,2
9,23
9,38
9,5
9,38
9,1
9,0
9,74
9,5
9,0
9,2
9,5
9,331
9,16
9,151
9,0
9,4
9,101
9,4
9,23
9,21
9,1
9,1204
9,3
9,4
9,16
9,23
9,16
9,5
9,16
9,3
9,2
9,0
9,23
9,23
9,4
9,43
9,44
9,23
9,1
9,23
9,16
9,68
9,23
9,43
9,68
9,40
9,23
9,2
9,16
9,4
9,4
9,16
9,2
9,23
9,0
9,4
9,1
9,16
9,1
9,29
9,0
9,3
9,0
9,0
9,2
9,293
9,16
9,68
9,11
9,16
9,0
9,4
9,29
9,0
9,1
9,16
9,3
9,4
9,1
9,38
9,0
9,2
9,393
9,1
9,16
9,0
9,4
9,1
9,11
9,43
9,32
9,38
9,22
9,4
9,43
9,128
9,4
9,0
9,29
9,11
9,43
9,0
9,4
9,1
9,16
9,23
9,1
9,23
9,23
9,1
9,23
9,23
9,23
9,1
9,4
9,16
9,0
9,16
